id,price_doc
30474,5353667.0
30475,8083592.0
30476,5479208.0
30477,5320613.0
30478,4874644.0
30479,8506775.0
30480,4202234.0
30481,4280810.0
30482,4536356.0
30483,4440610.0
30484,6480706.0
30485,4894262.0
30486,3396833.0
30487,4015034.0
30488,6229734.0
30489,6110392.0
30490,23212310.0
30491,16045778.0
30492,5690192.0
30493,12701080.0
30494,6748798.0
30495,10307132.0
30496,8498671.0
30497,8580332.0
30498,4487318.0
30499,6799525.0
30500,10845943.0
30501,6772407.0
30502,2363614.0
30503,5764102.0
30504,5451870.0
30505,10875833.0
30506,2872061.0
30507,4653932.0
30508,5095011.0
30509,7574860.0
30510,8424558.0
30511,6349672.0
30512,6183790.0
30513,4144100.0
30514,3286847.0
30515,9135417.0
30516,5595074.0
30517,10088757.0
30518,7046522.0
30519,4260857.0
30520,6576414.0
30521,5091062.0
30522,7434559.0
30523,6797110.0
30524,9286885.0
30525,10142813.0
30526,4815507.0
30527,4522483.0
30528,6020809.0
30529,6765146.0
30530,5940602.0
30531,13572633.0
30532,4458088.0
30533,9821206.0
30534,6989132.0
30535,8390636.0
30536,5395947.0
30537,10954277.0
30538,4630876.0
30539,8621556.0
30540,8619564.0
30541,5175013.0
30542,1725858.0
30543,5294635.0
30544,6134326.0
30545,8066299.0
30546,4222460.0
30547,9292825.0
30548,4266325.0
30549,4780363.0
30550,11393979.0
30551,4840570.0
30552,1134248.0
30553,6184068.0
30554,10459695.0
30555,6090567.0
30556,7767383.0
30557,7507201.0
30558,8584060.0
30559,6496982.0
30560,5509855.0
30561,6487982.0
30562,12696986.0
30563,4721903.0
30564,6833754.0
30565,7112537.0
30566,6695680.0
30567,1522209.0
30568,8617368.0
30569,8603506.0
30570,6429157.0
30571,6431526.0
30572,4895126.0
30573,6142793.0
30574,5838764.0
30575,7321663.0
30576,4567102.0
30577,3817274.0
30578,2701483.0
30579,6912408.0
30580,4293011.0
30581,5415596.0
30582,13049923.0
30583,6842318.0
30584,4528388.0
30585,2577539.0
30586,8911760.0
30587,5758694.0
30588,7366263.0
30589,6919096.0
30590,12569917.0
30591,4942406.0
30592,6167138.0
30593,8254682.0
30594,6397647.0
30595,5338431.0
30596,6415894.0
30597,6128536.0
30598,8832145.0
30599,10490535.0
30600,5579175.0
30601,5651250.0
30602,1000333.0
30603,11173948.0
30604,4470382.0
30605,6178544.0
30606,20005484.0
30607,6387172.0
30608,8419293.0
30609,6123931.0
30610,2495845.0
30611,5137938.0
30612,7188552.0
30613,8051708.0
30614,16565094.0
30615,7009824.0
30616,5357052.0
30617,7979102.0
30618,4969166.0
30619,4052383.0
30620,1791209.0
30621,8440499.0
30622,6737755.0
30623,5901829.0
30624,6331950.0
30625,7890842.0
30626,6013043.0
30627,6349827.0
30628,6029610.0
30629,5079008.0
30630,5301258.0
30631,5920630.0
30632,3978204.0
30633,5274296.0
30634,10147338.0
30635,8741259.0
30636,5143379.0
30637,8825026.0
30638,5586577.0
30639,7152050.0
30640,4564639.0
30641,7811276.0
30642,6133752.0
30643,7246608.0
30644,8822488.0
30645,6712753.0
30646,5188271.0
30647,4452547.0
30648,29231398.0
30649,1739876.0
30650,4836048.0
30651,3038024.0
30652,4182890.0
30653,7455612.0
30654,4349588.0
30655,11926065.0
30656,3945402.0
30657,6161033.0
30658,11078961.0
30659,4623906.0
30660,8108576.0
30661,6466480.0
30662,7929126.0
30663,14028136.0
30664,12392697.0
30665,6116954.0
30666,2290497.0
30667,4300798.0
30668,8431723.0
30669,4830715.0
30670,2151587.0
30671,6947633.0
30672,15133374.0
30673,9739232.0
30674,10479368.0
30675,1679064.0
30676,6302900.0
30677,4430607.0
30678,19778140.0
30679,5360534.0
30680,4923928.0
30681,2523634.0
30682,8086211.0
30683,8913859.0
30684,4383946.0
30685,6913046.0
30686,9424953.0
30687,4781976.0
30688,4175516.0
30689,15995523.0
30690,30834416.0
30691,4201758.0
30692,5884428.0
30693,10237475.0
30694,4941261.0
30695,5885242.0
30696,6277959.0
30697,11846457.0
30698,6982646.0
30699,5516192.0
30700,4914100.0
30701,8799138.0
30702,5650418.0
30703,3631340.0
30704,11060864.0
30705,8965919.0
30706,25005134.0
30707,3271799.0
30708,13101300.0
30709,5968107.0
30710,6516035.0
30711,4391400.0
30712,3996926.0
30713,6266454.0
30714,6516840.0
30715,3860752.0
30716,8913859.0
30717,5676121.0
30718,8512636.0
30719,12423447.0
30720,6736180.0
30721,4678458.0
30722,6944911.0
30723,5786572.0
30724,11624574.0
30725,6455122.0
30726,11311669.0
30727,8903563.0
30728,10934089.0
30729,2834142.0
30730,6159961.0
30731,6160740.0
30732,4318752.0
30733,8938053.0
30734,6664162.0
30735,5289457.0
30736,5543259.0
30737,5972554.0
30738,6395527.0
30739,3596402.0
30740,6773766.0
30741,11011877.0
30742,3868260.0
30743,4733458.0
30744,9088677.0
30745,6605650.0
30746,5498622.0
30747,15917375.0
30748,15767661.0
30749,4431870.0
30750,6265194.0
30751,3156181.0
30752,6595542.0
30753,8783001.0
30754,5314380.0
30755,4597788.0
30756,6137496.0
30757,5038758.0
30758,9083565.0
30759,5230802.0
30760,4106298.0
30761,8924945.0
30762,6813626.0
30763,11356880.0
30764,5962937.0
30765,5581996.0
30766,3088816.0
30767,9887431.0
30768,4188761.0
30769,7143490.0
30770,6036208.0
30771,1888819.0
30772,8060598.0
30773,7783234.0
30774,5084530.0
30775,11749734.0
30776,5945608.0
30777,6018544.0
30778,8546195.0
30779,6376646.0
30780,7223747.0
30781,6405538.0
30782,4464900.0
30783,5439142.0
30784,3513748.0
30785,5086165.0
30786,4030232.0
30787,5955484.0
30788,5440730.0
30789,7220954.0
30790,6406707.0
30791,9852181.0
30792,6675413.0
30793,11318959.0
30794,12327454.0
30795,10552481.0
30796,11281266.0
30797,14114589.0
30798,2413356.0
30799,9986512.0
30800,13164200.0
30801,5887296.0
30802,19240994.0
30803,2729399.0
30804,3074108.0
30805,14441073.0
30806,6781230.0
30807,5831954.0
30808,9572449.0
30809,4734650.0
30810,11582885.0
30811,4168427.0
30812,5304885.0
30813,4858092.0
30814,2456989.0
30815,3823216.0
30816,8500312.0
30817,1232571.0
30818,7363380.0
30819,8202372.0
30820,4929451.0
30821,22095342.0
30822,9184305.0
30823,6125222.0
30824,3020692.0
30825,5099407.0
30826,10071716.0
30827,5202842.0
30828,5607246.0
30829,5350324.0
30830,8465466.0
30831,6446314.0
30832,5679630.0
30833,4753616.0
30834,4140063.0
30835,7285318.0
30836,6302589.0
30837,4936348.0
30838,4208632.0
30839,5765290.0
30840,10074036.0
30841,9965271.0
30842,6692120.0
30843,5255849.0
30844,6313889.0
30845,9025488.0
30846,4037212.0
30847,5577048.0
30848,8340820.0
30849,4324622.0
30850,3968671.0
30851,4838074.0
30852,6436178.0
30853,4321322.0
30854,5182089.0
30855,6901230.0
30856,7348724.0
30857,2116264.0
30858,4161045.0
30859,5854419.0
30860,5829870.0
30861,7683976.0
30862,5636208.0
30863,5763489.0
30864,6500965.0
30865,9727845.0
30866,7009720.0
30867,5511798.0
30868,7805394.0
30869,5160058.0
30870,4939557.0
30871,8596451.0
30872,4780569.0
30873,3759719.0
30874,4610350.0
30875,6161018.0
30876,4704636.0
30877,9875676.0
30878,5591248.0
30879,9806609.0
30880,6213169.0
30881,1740465.0
30882,11568334.0
30883,3466923.0
30884,5700317.0
30885,4894918.0
30886,7376273.0
30887,5550892.0
30888,4173876.0
30889,4957181.0
30890,6817205.0
30891,3473011.0
30892,3640325.0
30893,4391278.0
30894,5319548.0
30895,4168770.0
30896,6645101.0
30897,7490682.0
30898,6455404.0
30899,6799920.0
30900,3053045.0
30901,6552348.0
30902,1920343.0
30903,6968006.0
30904,7237186.0
30905,5666626.0
30906,6205409.0
30907,13070776.0
30908,4239780.0
30909,12974075.0
30910,6719150.0
30911,4141772.0
30912,6203775.0
30913,18028934.0
30914,5424704.0
30915,7175018.0
30916,5622953.0
30917,8938181.0
30918,5945396.0
30919,4875482.0
30920,4673032.0
30921,3611304.0
30922,5594634.0
30923,3355399.0
30924,5113791.0
30925,15673839.0
30926,6858071.0
30927,7157094.0
30928,5924540.0
30929,5109556.0
30930,10049407.0
30931,10815031.0
30932,4996413.0
30933,4854172.0
30934,13798363.0
30935,6408912.0
30936,6779185.0
30937,8566704.0
30938,2675718.0
30939,9283939.0
30940,6284854.0
30941,6048441.0
30942,3355928.0
30943,6698732.0
30944,4962772.0
30945,3216289.0
30946,12504698.0
30947,6739732.0
30948,8054522.0
30949,5919717.0
30950,6170492.0
30951,18000098.0
30952,7721009.0
30953,10017719.0
30954,4574460.0
30955,6223975.0
30956,7966523.0
30957,5717400.0
30958,30147524.0
30959,8164948.0
30960,7103970.0
30961,9736480.0
30962,9815563.0
30963,3595361.0
30964,4480614.0
30965,6808468.0
30966,11618606.0
30967,10986464.0
30968,3483148.0
30969,3347742.0
30970,5919186.0
30971,10995380.0
30972,3482656.0
30973,5138718.0
30974,5013639.0
30975,7378982.0
30976,4855142.0
30977,6210033.0
30978,7495078.0
30979,3704441.0
30980,7471439.0
30981,5593728.0
30982,6166852.0
30983,3818574.0
30984,5704226.0
30985,3593657.0
30986,9207798.0
30987,8458920.0
30988,6501748.0
30989,7396172.0
30990,12698314.0
30991,8747599.0
30992,2479408.0
30993,7211164.0
30994,5065780.0
30995,6526668.0
30996,5709406.0
30997,7148462.0
30998,6086948.0
30999,5941611.0
31000,7859959.0
31001,6257740.0
31002,9231255.0
31003,10096511.0
31004,4162100.0
31005,2595667.0
31006,7382949.0
31007,5576500.0
31008,5150546.0
31009,6045351.0
31010,6275984.0
31011,4078245.0
31012,5745014.0
31013,6842193.0
31014,14505015.0
31015,7824894.0
31016,4051776.0
31017,8784860.0
31018,5435857.0
31019,4350696.0
31020,6835262.0
31021,11453801.0
31022,19504948.0
31023,9170728.0
31024,4779296.0
31025,5857452.0
31026,5965015.0
31027,4354917.0
31028,4726854.0
31029,8528363.0
31030,6891558.0
31031,8541774.0
31032,9553110.0
31033,8368165.0
31034,7516954.0
31035,9834219.0
31036,6347974.0
31037,25621874.0
31038,4341438.0
31039,8528250.0
31040,5744108.0
31041,4170841.0
31042,3238986.0
31043,6252088.0
31044,8853681.0
31045,6706624.0
31046,13778733.0
31047,7839152.0
31048,5775002.0
31049,5466207.0
31050,7376742.0
31051,6203032.0
31052,3776582.0
31053,17385298.0
31054,6220496.0
31055,5295382.0
31056,11790466.0
31057,5102822.0
31058,6937801.0
31059,2703912.0
31060,6925508.0
31061,6352713.0
31062,6115790.0
31063,3662306.0
31064,5066036.0
31065,10094076.0
31066,4436112.0
31067,8044776.0
31068,4300157.0
31069,4354368.0
31070,4607563.0
31071,3397652.0
31072,7838466.0
31073,1740465.0
31074,6857837.0
31075,7072484.0
31076,6470904.0
31077,5591592.0
31078,4305036.0
31079,4885743.0
31080,6373298.0
31081,2625844.0
31082,10542292.0
31083,4826221.0
31084,8754350.0
31085,11803329.0
31086,3611757.0
31087,4805539.0
31088,7921755.0
31089,6106002.0
31090,31848752.0
31091,2895173.0
31092,6874012.0
31093,6196386.0
31094,5923138.0
31095,4926050.0
31096,22678984.0
31097,11731696.0
31098,10340332.0
31099,19169688.0
31100,4506126.0
31101,4162573.0
31102,6069130.0
31103,10738085.0
31104,5199266.0
31105,8392984.0
31106,4471832.0
31107,8054197.0
31108,6529970.0
31109,5367966.0
31110,8449517.0
31111,9971682.0
31112,5797112.0
31113,3443058.0
31114,4289366.0
31115,5323746.0
31116,5637435.0
31117,5816820.0
31118,3808828.0
31119,3010027.0
31120,5203246.0
31121,6667838.0
31122,5868733.0
31123,4856667.0
31124,5254528.0
31125,13520004.0
31126,16579207.0
31127,5375957.0
31128,5946134.0
31129,5177912.0
31130,11808673.0
31131,7389778.0
31132,8728208.0
31133,9870033.0
31134,5820594.0
31135,9827324.0
31136,9157136.0
31137,3840668.0
31138,6768236.0
31139,3932924.0
31140,7254265.0
31141,7564335.0
31142,8767737.0
31143,5044576.0
31144,3714046.0
31145,5497004.0
31146,4817943.0
31147,12827480.0
31148,6268604.0
31149,1971219.0
31150,8253836.0
31151,4778026.0
31152,7833982.0
31153,5289634.0
31154,14220026.0
31155,6265010.0
31156,9246953.0
31157,4145065.0
31158,8731592.0
31159,5951460.0
31160,5021748.0
31161,3198960.0
31162,4371576.0
31163,5461807.0
31164,5862677.0
31165,5912213.0
31166,5442245.0
31167,7341414.0
31168,10126566.0
31169,8358010.0
31170,5250668.0
31171,11107624.0
31172,5143150.0
31173,9909152.0
31174,9506968.0
31175,16757392.0
31176,4968256.0
31177,8193566.0
31178,4111279.0
31179,4196606.0
31180,4173612.0
31181,7789125.0
31182,7074775.0
31183,7876962.0
31184,4976646.0
31185,4149645.0
31186,8276042.0
31187,3340704.0
31188,4838322.0
31189,4746668.0
31190,7287869.0
31191,12188544.0
31192,4100322.0
31193,5145864.0
31194,10758039.0
31195,6769590.0
31196,4752396.0
31197,14040461.0
31198,5281850.0
31199,6444340.0
31200,10508090.0
31201,3698878.0
31202,3680014.0
31203,6290392.0
31204,3545570.0
31205,8197894.0
31206,5507768.0
31207,4268180.0
31208,4706148.0
31209,4205568.0
31210,5686730.0
31211,6938091.0
31212,4880669.0
31213,10460483.0
31214,6471362.0
31215,4779420.0
31216,5695482.0
31217,6952256.0
31218,8190240.0
31219,3426958.0
31220,6836327.0
31221,3687896.0
31222,6316758.0
31223,8881357.0
31224,6729144.0
31225,12243300.0
31226,6103472.0
31227,8765355.0
31228,11951185.0
31229,4671088.0
31230,5369850.0
31231,3947573.0
31232,6631329.0
31233,6264142.0
31234,6729339.0
31235,5249020.0
31236,6184364.0
31237,11179910.0
31238,6472280.0
31239,13598925.0
31240,6483858.0
31241,6179696.0
31242,6916561.0
31243,3434778.0
31244,6994820.0
31245,7487682.0
31246,10085453.0
31247,5511137.0
31248,6608378.0
31249,9065642.0
31250,5427255.0
31251,6874660.0
31252,6199771.0
31253,8595135.0
31254,5994090.0
31255,12019368.0
31256,6659932.0
31257,4840535.0
31258,9278530.0
31259,8997148.0
31260,7445516.0
31261,24999118.0
31262,5666626.0
31263,5815810.0
31264,3587342.0
31265,12170155.0
31266,7866999.0
31267,3866532.0
31268,4106800.0
31269,7249320.0
31270,4119985.0
31271,5317658.0
31272,17312104.0
31273,7262177.0
31274,5467230.0
31275,6192120.0
31276,5161400.0
31277,4537310.0
31278,13545703.0
31279,14270870.0
31280,7534784.0
31281,6861382.0
31282,11506255.0
31283,6233460.0
31284,3940202.0
31285,5255132.0
31286,7225866.0
31287,9311849.0
31288,4472126.0
31289,8878898.0
31290,5739404.0
31291,6344411.0
31292,3738461.0
31293,6939896.0
31294,3522485.0
31295,18177042.0
31296,8844979.0
31297,7938664.0
31298,3532626.0
31299,9042292.0
31300,6810177.0
31301,6258374.0
31302,5258722.0
31303,7765806.0
31304,6721469.0
31305,9301476.0
31306,2934103.0
31307,6153252.0
31308,7797267.0
31309,8520382.0
31310,58497108.0
31311,5145022.0
31312,5230378.0
31313,11402187.0
31314,6319184.0
31315,9222642.0
31316,11760396.0
31317,16709864.0
31318,8063928.0
31319,6420218.0
31320,5702940.0
31321,6929313.0
31322,6703185.0
31323,7837000.0
31324,5940223.0
31325,6020666.0
31326,4819115.0
31327,7629778.0
31328,14412693.0
31329,5294391.0
31330,11240207.0
31331,8121523.0
31332,5500625.0
31333,5115578.0
31334,4129469.0
31335,7453336.0
31336,7823290.0
31337,6219374.0
31338,3862502.0
31339,4599862.0
31340,6389602.0
31341,9066044.0
31342,4792072.0
31343,3638734.0
31344,3799772.0
31345,4896485.0
31346,3729318.0
31347,8058208.0
31348,11469714.0
31349,10611551.0
31350,3290859.0
31351,5145424.0
31352,9443402.0
31353,4728758.0
31354,6975173.0
31355,8968860.0
31356,4049798.0
31357,5164042.0
31358,2141772.0
31359,6195686.0
31360,9958337.0
31361,4641200.0
31362,9361989.0
31363,5133884.0
31364,2897187.0
31365,3718548.0
31366,6228735.0
31367,9513686.0
31368,6201811.0
31369,4019583.0
31370,9167321.0
31371,8418180.0
31372,6666312.0
31373,5305352.0
31374,5975976.0
31375,5490324.0
31376,6433369.0
31377,8636315.0
31378,5246768.0
31379,28908944.0
31380,4334196.0
31381,7182440.0
31382,5426198.0
31383,7604666.0
31384,25582816.0
31385,13095508.0
31386,8475127.0
31387,11631667.0
31388,4952933.0
31389,4288114.0
31390,6209855.0
31391,5207433.0
31392,9071257.0
31393,8058940.0
31394,5085818.0
31395,3850731.0
31396,8460324.0
31397,6099170.0
31398,1888354.0
31399,10807377.0
31400,4102041.0
31401,11631296.0
31402,9022615.0
31403,5043683.0
31404,4309088.0
31405,4041480.0
31406,5866284.0
31407,3140326.0
31408,6169895.0
31409,3849596.0
31410,10960369.0
31411,8096988.0
31412,10191547.0
31413,7249464.0
31414,3713199.0
31415,14311086.0
31416,6114688.0
31417,4343344.0
31418,6668227.0
31419,8586611.0
31420,8482132.0
31421,6560234.0
31422,6145272.0
31423,6961632.0
31424,16404162.0
31425,6158771.0
31426,4565056.0
31427,6078056.0
31428,8107570.0
31429,12572226.0
31430,4402060.0
31431,5342666.0
31432,4957844.0
31433,5804529.0
31434,3719494.0
31435,10735224.0
31436,8850220.0
31437,11990306.0
31438,7961338.0
31439,9831809.0
31440,6674856.0
31441,6161640.0
31442,7604696.0
31443,10683308.0
31444,6134864.0
31445,9547287.0
31446,13182361.0
31447,5769862.0
31448,7626010.0
31449,6944214.0
31450,6161189.0
31451,7645897.0
31452,10942539.0
31453,2720536.0
31454,5309426.0
31455,7161388.0
31456,5047394.0
31457,4955800.0
31458,15665437.0
31459,7612478.0
31460,5101791.0
31461,4527148.0
31462,3532515.0
31463,5461321.0
31464,7773534.0
31465,5396976.0
31466,49872860.0
31467,3467344.0
31468,14536435.0
31469,5005464.0
31470,5376976.0
31471,13213683.0
31472,2304594.0
31473,7154328.0
31474,3934483.0
31475,6718473.0
31476,22406410.0
31477,7189312.0
31478,5000386.0
31479,5688861.0
31480,9262769.0
31481,8163002.0
31482,9613801.0
31483,8879550.0
31484,6815483.0
31485,3089204.0
31486,2882622.0
31487,4493328.0
31488,13637040.0
31489,7593580.0
31490,4932348.0
31491,6136408.0
31492,7722620.0
31493,8607664.0
31494,4857536.0
31495,5370750.0
31496,7250524.0
31497,4529196.0
31498,5666156.0
31499,10933202.0
31500,10110347.0
31501,8540841.0
31502,9817804.0
31503,5205258.0
31504,9258989.0
31505,17206534.0
31506,6988910.0
31507,6135546.0
31508,6205886.0
31509,5393887.0
31510,5084270.0
31511,4901476.0
31512,5807794.0
31513,25004908.0
31514,24077316.0
31515,2136588.0
31516,16057026.0
31517,5605144.0
31518,7300950.0
31519,5986214.0
31520,5303846.0
31521,4892518.0
31522,4439560.0
31523,6991322.0
31524,8570975.0
31525,9925356.0
31526,5527904.0
31527,7313353.0
31528,4431318.0
31529,5667285.0
31530,6493018.0
31531,8531129.0
31532,5681344.0
31533,14226708.0
31534,7313558.0
31535,9656809.0
31536,7389522.0
31537,4223482.0
31538,4640496.0
31539,3591624.0
31540,8698554.0
31541,2715065.0
31542,5427901.0
31543,3796418.0
31544,4982510.0
31545,7742244.0
31546,11763634.0
31547,5247482.0
31548,5043742.0
31549,5491112.0
31550,4999756.0
31551,5654752.0
31552,7078789.0
31553,6768336.0
31554,7212490.0
31555,3741674.0
31556,6448382.0
31557,5576582.0
31558,9310037.0
31559,2560394.0
31560,6857656.0
31561,6988568.0
31562,32810120.0
31563,3817430.0
31564,7554405.0
31565,8810398.0
31566,5380165.0
31567,16546290.0
31568,5854454.0
31569,6420390.0
31570,6898172.0
31571,6440478.0
31572,3406162.0
31573,5328427.0
31574,10729535.0
31575,5589436.0
31576,6899269.0
31577,4722682.0
31578,8051604.0
31579,5264331.0
31580,6786222.0
31581,5182874.0
31582,6479534.0
31583,8075870.0
31584,4021523.0
31585,6394653.0
31586,12140483.0
31587,14124279.0
31588,8870446.0
31589,3388635.0
31590,5881834.0
31591,6969450.0
31592,7651564.0
31593,7435984.0
31594,7270792.0
31595,5187928.0
31596,3529363.0
31597,5487227.0
31598,3434550.0
31599,6580764.0
31600,7017304.0
31601,14595645.0
31602,5500615.0
31603,13695343.0
31604,4561471.0
31605,5101791.0
31606,6182324.0
31607,7131770.0
31608,5243911.0
31609,5144467.0
31610,7078886.0
31611,5921120.0
31612,5561490.0
31613,4689384.0
31614,15562632.0
31615,9205127.0
31616,10398418.0
31617,4432980.0
31618,6830924.0
31619,8726890.0
31620,4276414.0
31621,6911696.0
31622,32505272.0
31623,9989985.0
31624,4749754.0
31625,9648176.0
31626,5164280.0
31627,6918570.0
31628,11236243.0
31629,10566068.0
31630,3709264.0
31631,5733056.0
31632,16728492.0
31633,4632763.0
31634,8223364.0
31635,12914006.0
31636,5951800.0
31637,5350748.0
31638,7364741.0
31639,3560017.0
31640,10829386.0
31641,3983306.0
31642,3257032.0
31643,6052834.0
31644,9214245.0
31645,5817130.0
31646,8485906.0
31647,5221982.0
31648,12079459.0
31649,5731541.0
31650,6111190.0
31651,12856978.0
31652,5590654.0
31653,5324593.0
31654,5108524.0
31655,4175711.0
31656,22628524.0
31657,7132458.0
31658,4151389.0
31659,6734760.0
31660,4923994.0
31661,4842556.0
31662,6747890.0
31663,3814554.0
31664,3371390.0
31665,4139748.0
31666,4632914.0
31667,8020833.0
31668,8840880.0
31669,10494600.0
31670,6671452.0
31671,5910138.0
31672,8056186.0
31673,6079522.0
31674,8359792.0
31675,7617042.0
31676,6800064.0
31677,4803038.0
31678,5032678.0
31679,8464742.0
31680,7661594.0
31681,5933840.0
31682,3775739.0
31683,6394653.0
31684,4815360.0
31685,3500370.0
31686,11000223.0
31687,10342805.0
31688,9641919.0
31689,3688993.0
31690,6867702.0
31691,3702030.0
31692,4164052.0
31693,5878256.0
31694,6542903.0
31695,6848232.0
31696,3229314.0
31697,4840766.0
31698,3177106.0
31699,5383450.0
31700,5001550.0
31701,8590093.0
31702,5640486.0
31703,8537572.0
31704,5802034.0
31705,9561820.0
31706,5280785.0
31707,10966664.0
31708,8597297.0
31709,5027896.0
31710,10433531.0
31711,7491108.0
31712,7206088.0
31713,5456888.0
31714,5138234.0
31715,5345792.0
31716,5678138.0
31717,9735620.0
31718,4748288.0
31719,7130550.0
31720,5006732.0
31721,4307758.0
31722,5954730.0
31723,5458758.0
31724,5901517.0
31725,4934376.0
31726,13068384.0
31727,5642510.0
31728,4628768.0
31729,6581752.0
31730,3361424.0
31731,7041385.0
31732,7707852.0
31733,3914449.0
31734,4191141.0
31735,2815718.0
31736,6368370.0
31737,5073544.0
31738,5375778.0
31739,5447699.0
31740,7522710.0
31741,11764382.0
31742,12526726.0
31743,7565713.0
31744,4745242.0
31745,3540693.0
31746,9677191.0
31747,4986914.0
31748,17016982.0
31749,5414729.0
31750,8676996.0
31751,7132916.0
31752,4109413.0
31753,3783370.0
31754,6847990.0
31755,11395397.0
31756,1964082.0
31757,5991762.0
31758,5876137.0
31759,6124556.0
31760,5796512.0
31761,17327596.0
31762,2264867.0
31763,10991307.0
31764,5803540.0
31765,3898878.0
31766,8751483.0
31767,3616959.0
31768,6825486.0
31769,9732811.0
31770,3473349.0
31771,4010107.0
31772,7459798.0
31773,5704188.0
31774,6379750.0
31775,10398008.0
31776,1912442.0
31777,4283394.0
31778,10805906.0
31779,8440400.0
31780,6851484.0
31781,7298228.0
31782,5667829.0
31783,3836041.0
31784,5850030.0
31785,6187910.0
31786,4618268.0
31787,6501467.0
31788,5092866.0
31789,5796512.0
31790,3768834.0
31791,8724335.0
31792,6595318.0
31793,8109872.0
31794,6790585.0
31795,5338466.0
31796,4758847.0
31797,13392259.0
31798,7392920.0
31799,4091864.0
31800,5186199.0
31801,3401637.0
31802,7191043.0
31803,7197779.0
31804,5057322.0
31805,3521049.0
31806,6745611.0
31807,6527461.0
31808,7871026.0
31809,6237655.0
31810,3781166.0
31811,6589024.0
31812,6374093.0
31813,6164958.0
31814,5315780.0
31815,5796726.0
31816,4744288.0
31817,3415097.0
31818,6236988.0
31819,5910357.0
31820,10752432.0
31821,11122678.0
31822,5404688.0
31823,4662266.0
31824,3512061.0
31825,4726234.0
31826,5914367.0
31827,7345154.0
31828,5289058.0
31829,8339034.0
31830,5715177.0
31831,2895765.0
31832,11069871.0
31833,11871672.0
31834,6306072.0
31835,4539872.0
31836,7223272.0
31837,3338603.0
31838,7621463.0
31839,4636463.0
31840,9443907.0
31841,4919714.0
31842,7241861.0
31843,3643664.0
31844,5961773.0
31845,9061054.0
31846,4628916.0
31847,4787513.0
31848,5704787.0
31849,8483478.0
31850,6317372.0
31851,11361844.0
31852,6542903.0
31853,8721904.0
31854,6177884.0
31855,4520278.0
31856,5098084.0
31857,9007963.0
31858,11141203.0
31859,31823032.0
31860,6664652.0
31861,13384877.0
31862,6919848.0
31863,9888726.0
31864,3093576.0
31865,4494288.0
31866,3284934.0
31867,7358837.0
31868,4955067.0
31869,10098681.0
31870,3206110.0
31871,4755732.0
31872,10890285.0
31873,5998414.0
31874,4936100.0
31875,5415210.0
31876,5033794.0
31877,22372184.0
31878,3024812.0
31879,7888902.0
31880,9695632.0
31881,4416088.0
31882,13934636.0
31883,4832938.0
31884,4983784.0
31885,5430902.0
31886,7874714.0
31887,8902662.0
31888,3856722.0
31889,12017279.0
31890,4455751.0
31891,3308269.0
31892,3583324.0
31893,14146655.0
31894,7347814.0
31895,3580131.0
31896,3349839.0
31897,3592931.0
31898,4021523.0
31899,4103919.0
31900,5732196.0
31901,6918041.0
31902,6864613.0
31903,6414094.0
31904,4134607.0
31905,6732694.0
31906,4143309.0
31907,3674752.0
31908,3709551.0
31909,6459590.0
31910,4238308.0
31911,3719494.0
31912,6301009.0
31913,6029782.0
31914,5986814.0
31915,7173854.0
31916,4143458.0
31917,5205276.0
31918,4591800.0
31919,6475730.0
31920,3887694.0
31921,3946770.0
31922,6854682.0
31923,9240258.0
31924,10315996.0
31925,6180322.0
31926,8323546.0
31927,10561894.0
31928,6828541.0
31929,13512021.0
31930,7443369.0
31931,5927100.0
31932,8465641.0
31933,6954652.0
31934,5851075.0
31935,4639002.0
31936,4344465.0
31937,6310518.0
31938,5374665.0
31939,5454680.0
31940,7453622.0
31941,29131608.0
31942,5386422.0
31943,7423451.0
31944,3285485.0
31945,5598786.0
31946,10364764.0
31947,7823032.0
31948,6097144.0
31949,9503838.0
31950,11441670.0
31951,5217594.0
31952,5155130.0
31953,3672260.0
31954,10725817.0
31955,4571910.0
31956,8187162.0
31957,4305096.0
31958,4057420.0
31959,11748039.0
31960,6352690.0
31961,7874288.0
31962,4716540.0
31963,6697980.0
31964,4766926.0
31965,6045038.0
31966,12802947.0
31967,11905758.0
31968,5964016.0
31969,21316216.0
31970,5639140.0
31971,3954441.0
31972,5190000.0
31973,4753302.0
31974,7053872.0
31975,4032329.0
31976,4133874.0
31977,8949596.0
31978,5049736.0
31979,4815423.0
31980,4836484.0
31981,5913133.0
31982,9337662.0
31983,11986611.0
31984,7503916.0
31985,4596154.0
31986,4081841.0
31987,6063846.0
31988,7375799.0
31989,11435811.0
31990,3134596.0
31991,9641311.0
31992,4562872.0
31993,8361104.0
31994,6879096.0
31995,7096696.0
31996,9885837.0
31997,5253612.0
31998,3512001.0
31999,5181628.0
32000,6096782.0
32001,63084412.0
32002,21249734.0
32003,8717514.0
32004,6778942.0
32005,4746419.0
32006,15523931.0
32007,8946359.0
32008,6396428.0
32009,3606895.0
32010,7246573.0
32011,4803656.0
32012,1740281.0
32013,5301926.0
32014,5606978.0
32015,7684364.0
32016,6468187.0
32017,9643063.0
32018,6514814.0
32019,5540182.0
32020,5490367.0
32021,7660602.0
32022,5263183.0
32023,4075044.0
32024,5879966.0
32025,5483260.0
32026,4625946.0
32027,6844332.0
32028,5468432.0
32029,15739628.0
32030,3965802.0
32031,3504784.0
32032,8141298.0
32033,6224303.0
32034,3504691.0
32035,7378555.0
32036,6052720.0
32037,8223518.0
32038,5985282.0
32039,7466488.0
32040,14776499.0
32041,3266263.0
32042,6206464.0
32043,31808052.0
32044,5104688.0
32045,3558784.0
32046,7729816.0
32047,9920891.0
32048,12403987.0
32049,6303088.0
32050,10238521.0
32051,7434842.0
32052,6073167.0
32053,7970174.0
32054,5704636.0
32055,3767120.0
32056,9032336.0
32057,3849134.0
32058,4668832.0
32059,5199571.0
32060,5728667.0
32061,8773996.0
32062,5959275.0
32063,6043456.0
32064,8213982.0
32065,5939190.0
32066,6261632.0
32067,3670972.0
32068,4898486.0
32069,3515810.0
32070,12391662.0
32071,4576906.0
32072,4113994.0
32073,3445827.0
32074,5389208.0
32075,12622445.0
32076,20875642.0
32077,8376038.0
32078,3967085.0
32079,4209307.0
32080,5045742.0
32081,27000562.0
32082,5265614.0
32083,3509176.0
32084,5948016.0
32085,8498635.0
32086,9690884.0
32087,5197124.0
32088,15069834.0
32089,6651922.0
32090,13146254.0
32091,6645142.0
32092,5279312.0
32093,5862638.0
32094,7670692.0
32095,6299724.0
32096,3384089.0
32097,12877742.0
32098,5858592.0
32099,7698923.0
32100,7525658.0
32101,5662518.0
32102,4176886.0
32103,3413507.0
32104,5686043.0
32105,6127780.0
32106,6801042.0
32107,5021300.0
32108,3743181.0
32109,6638836.0
32110,3528242.0
32111,12672182.0
32112,21887738.0
32113,8822494.0
32114,8598368.0
32115,7894588.0
32116,6104820.0
32117,8155142.0
32118,6685790.0
32119,9010152.0
32120,11275874.0
32121,3251989.0
32122,8367454.0
32123,23073680.0
32124,8078894.0
32125,11439018.0
32126,7574478.0
32127,7682795.0
32128,6336830.0
32129,5647965.0
32130,3591896.0
32131,11444065.0
32132,1791158.0
32133,3455378.0
32134,4057108.0
32135,6617818.0
32136,11766158.0
32137,10211369.0
32138,6369706.0
32139,6718882.0
32140,6057675.0
32141,2963690.0
32142,4051164.0
32143,7155810.0
32144,4656548.0
32145,42463888.0
32146,6835887.0
32147,4909286.0
32148,4746782.0
32149,9179193.0
32150,4932556.0
32151,8795029.0
32152,4390504.0
32153,6861446.0
32154,4088055.0
32155,6496635.0
32156,4821566.0
32157,13531791.0
32158,10590137.0
32159,15050796.0
32160,6068386.0
32161,8748834.0
32162,7331581.0
32163,8740916.0
32164,15257076.0
32165,9163127.0
32166,8894091.0
32167,11089748.0
32168,6652112.0
32169,3800265.0
32170,10555247.0
32171,14770628.0
32172,7762182.0
32173,6259757.0
32174,8858601.0
32175,21042796.0
32176,5563206.0
32177,9479076.0
32178,5894887.0
32179,11460341.0
32180,6865850.0
32181,5870460.0
32182,4707556.0
32183,5707496.0
32184,13332857.0
32185,6234864.0
32186,8060148.0
32187,4167047.0
32188,8902040.0
32189,4057108.0
32190,4864054.0
32191,4396584.0
32192,14207470.0
32193,6440442.0
32194,3522519.0
32195,13398326.0
32196,15455837.0
32197,9381319.0
32198,6398302.0
32199,7580294.0
32200,8200918.0
32201,8077924.0
32202,3723264.0
32203,3536081.0
32204,6446330.0
32205,18835146.0
32206,7895776.0
32207,9205923.0
32208,6277155.0
32209,4630956.0
32210,5945338.0
32211,40151032.0
32212,5536341.0
32213,6422910.0
32214,6497262.0
32215,6633904.0
32216,6152006.0
32217,5458282.0
32218,5666672.0
32219,10749967.0
32220,5531832.0
32221,7461622.0
32222,4513438.0
32223,4163825.0
32224,5342688.0
32225,6545886.0
32226,7337465.0
32227,18482682.0
32228,10346793.0
32229,16617768.0
32230,4588817.0
32231,15242593.0
32232,3759084.0
32233,5487314.0
32234,10718493.0
32235,18457186.0
32236,6114716.0
32237,45658960.0
32238,5807542.0
32239,13995163.0
32240,7851800.0
32241,5133942.0
32242,5359720.0
32243,7423009.0
32244,4839397.0
32245,7381360.0
32246,6525811.0
32247,6623379.0
32248,8736267.0
32249,7050844.0
32250,5984884.0
32251,4773488.0
32252,6576666.0
32253,8478081.0
32254,29620392.0
32255,5672879.0
32256,6255488.0
32257,3589312.0
32258,6353540.0
32259,5431968.0
32260,8755976.0
32261,24639722.0
32262,8171672.0
32263,5234108.0
32264,5114920.0
32265,10100889.0
32266,12412854.0
32267,6304160.0
32268,4145740.0
32269,6541850.0
32270,9734672.0
32271,6020732.0
32272,3519917.0
32273,8707690.0
32274,4915080.0
32275,6498336.0
32276,8867727.0
32277,10988277.0
32278,7401925.0
32279,4163861.0
32280,5459856.0
32281,5702634.0
32282,8752723.0
32283,6917490.0
32284,4129016.0
32285,9830771.0
32286,9052659.0
32287,5813112.0
32288,5155931.0
32289,4137558.0
32290,7760997.0
32291,4079880.0
32292,8558833.0
32293,4318724.0
32294,11233530.0
32295,6002772.0
32296,8635548.0
32297,11244408.0
32298,9100240.0
32299,2608974.0
32300,6815176.0
32301,13055483.0
32302,7509716.0
32303,6727420.0
32304,5034360.0
32305,5545802.0
32306,6605480.0
32307,14010316.0
32308,4971462.0
32309,6273504.0
32310,5201740.0
32311,8269738.0
32312,4316474.0
32313,5698894.0
32314,6281376.0
32315,12359522.0
32316,5335179.0
32317,11093558.0
32318,10154200.0
32319,4806976.0
32320,9926285.0
32321,7013352.0
32322,4228574.0
32323,7470567.0
32324,7071601.0
32325,4647230.0
32326,5372707.0
32327,5816963.0
32328,7887402.0
32329,5257378.0
32330,6038514.0
32331,5982566.0
32332,7398752.0
32333,7177120.0
32334,4763362.0
32335,7306988.0
32336,8841215.0
32337,5858085.0
32338,5001459.0
32339,8081691.0
32340,6407104.0
32341,5395888.0
32342,5427328.0
32343,5992451.0
32344,4459770.0
32345,5344240.0
32346,5971045.0
32347,4524568.0
32348,6681764.0
32349,7266541.0
32350,12853774.0
32351,6083236.0
32352,9951207.0
32353,5407742.0
32354,6844230.0
32355,5823647.0
32356,6400520.0
32357,7513770.0
32358,6544560.0
32359,20431700.0
32360,5050514.0
32361,8130613.0
32362,8579520.0
32363,6396086.0
32364,4591151.0
32365,7124038.0
32366,7159432.0
32367,3938749.0
32368,4645492.0
32369,7336980.0
32370,4318494.0
32371,7498325.0
32372,9756474.0
32373,8448468.0
32374,17217862.0
32375,5502803.0
32376,6332932.0
32377,6831390.0
32378,5682762.0
32379,5010420.0
32380,7223373.0
32381,3794665.0
32382,10655604.0
32383,12494667.0
32384,4790616.0
32385,7562437.0
32386,9042917.0
32387,3895310.0
32388,5310488.0
32389,9201494.0
32390,4854708.0
32391,6875386.0
32392,6187120.0
32393,6931700.0
32394,5066044.0
32395,4976252.0
32396,4127619.0
32397,6917490.0
32398,5428934.0
32399,9652817.0
32400,5376522.0
32401,7134214.0
32402,3738703.0
32403,10940245.0
32404,5178174.0
32405,13702067.0
32406,6442348.0
32407,6344656.0
32408,4467044.0
32409,18571038.0
32410,5456998.0
32411,7055311.0
32412,9392657.0
32413,11741935.0
32414,12979221.0
32415,5143748.0
32416,10216929.0
32417,7424558.0
32418,5968202.0
32419,6280114.0
32420,6894762.0
32421,1682468.0
32422,3741354.0
32423,5189253.0
32424,6679435.0
32425,4077645.0
32426,8963234.0
32427,10866725.0
32428,6987260.0
32429,8655435.0
32430,3325792.0
32431,8555396.0
32432,10579754.0
32433,3075198.0
32434,11042165.0
32435,6532792.0
32436,8943015.0
32437,9966223.0
32438,5752573.0
32439,4638075.0
32440,6594900.0
32441,3070442.0
32442,8987307.0
32443,5918964.0
32444,5197869.0
32445,8218742.0
32446,8821605.0
32447,7965552.0
32448,6103604.0
32449,11822830.0
32450,6297435.0
32451,9220888.0
32452,6198512.0
32453,6641903.0
32454,3975908.0
32455,7769985.0
32456,5790474.0
32457,5398638.0
32458,8188672.0
32459,9515237.0
32460,5729598.0
32461,13036229.0
32462,6759112.0
32463,4315524.0
32464,8791335.0
32465,4156596.0
32466,8244762.0
32467,5233214.0
32468,7467704.0
32469,7924080.0
32470,11438323.0
32471,19816834.0
32472,5864538.0
32473,5869180.0
32474,4056980.0
32475,12850020.0
32476,5934374.0
32477,3780481.0
32478,6738646.0
32479,4106846.0
32480,10289068.0
32481,4946842.0
32482,4701316.0
32483,9053800.0
32484,13393601.0
32485,13660064.0
32486,6991585.0
32487,6361734.0
32488,12567949.0
32489,12628561.0
32490,5463160.0
32491,6715951.0
32492,9817806.0
32493,7286508.0
32494,5775888.0
32495,5803010.0
32496,5358751.0
32497,7210734.0
32498,12704072.0
32499,12396348.0
32500,4274155.0
32501,8721554.0
32502,7316474.0
32503,5254681.0
32504,4003506.0
32505,8705811.0
32506,6310637.0
32507,3044874.0
32508,6719492.0
32509,4105881.0
32510,13217969.0
32511,4413486.0
32512,6080652.0
32513,5227754.0
32514,6678418.0
32515,7045154.0
32516,6814102.0
32517,9583576.0
32518,4599530.0
32519,4059857.0
32520,2024527.0
32521,6732459.0
32522,6047268.0
32523,7053844.0
32524,6805112.0
32525,5479274.0
32526,8334438.0
32527,7270174.0
32528,4743417.0
32529,6192944.0
32530,3527544.0
32531,6099646.0
32532,13075978.0
32533,5580734.0
32534,4638784.0
32535,5627168.0
32536,11012818.0
32537,6750419.0
32538,9583236.0
32539,5138709.0
32540,6292821.0
32541,12020594.0
32542,5692374.0
32543,6237077.0
32544,5005172.0
32545,4903594.0
32546,10345227.0
32547,6114472.0
32548,3806778.0
32549,3461258.0
32550,6433812.0
32551,5136910.0
32552,6660058.0
32553,5968414.0
32554,8849357.0
32555,9180405.0
32556,8205514.0
32557,3804601.0
32558,6526054.0
32559,6882354.0
32560,5242484.0
32561,5700392.0
32562,9657345.0
32563,6284762.0
32564,4917836.0
32565,8326156.0
32566,4054973.0
32567,4497954.0
32568,9646144.0
32569,7109726.0
32570,5532686.0
32571,6093148.0
32572,6323733.0
32573,7973593.0
32574,5967760.0
32575,5615418.0
32576,6728766.0
32577,4492086.0
32578,5952583.0
32579,7994478.0
32580,5104719.0
32581,4629709.0
32582,6797494.0
32583,7002031.0
32584,4503389.0
32585,4635739.0
32586,5784914.0
32587,5750150.0
32588,6409734.0
32589,2551226.0
32590,10226078.0
32591,7610513.0
32592,4053502.0
32593,3428150.0
32594,4236554.0
32595,6839842.0
32596,9653340.0
32597,6531834.0
32598,9350071.0
32599,6157284.0
32600,7307604.0
32601,4198386.0
32602,7150659.0
32603,5862160.0
32604,4357713.0
32605,5122882.0
32606,5997174.0
32607,7529292.0
32608,7418278.0
32609,6896412.0
32610,5870717.0
32611,6660816.0
32612,3845682.0
32613,5341408.0
32614,8442797.0
32615,3991067.0
32616,5840830.0
32617,7054406.0
32618,5882954.0
32619,4159928.0
32620,6634404.0
32621,5369097.0
32622,16526260.0
32623,9547760.0
32624,12784658.0
32625,8182251.0
32626,6124310.0
32627,6638436.0
32628,6930532.0
32629,11883588.0
32630,5566733.0
32631,5367998.0
32632,5984052.0
32633,7093042.0
32634,6115382.0
32635,8545743.0
32636,4442045.0
32637,7484596.0
32638,6278101.0
32639,8417970.0
32640,5592414.0
32641,5929099.0
32642,5819630.0
32643,12006324.0
32644,6924608.0
32645,5714365.0
32646,6345529.0
32647,15126214.0
32648,5851322.0
32649,6516196.0
32650,7518062.0
32651,1879886.0
32652,9697007.0
32653,10205736.0
32654,5587990.0
32655,11747592.0
32656,4273774.0
32657,5709965.0
32658,7575833.0
32659,3592292.0
32660,6405235.0
32661,6152714.0
32662,10948180.0
32663,8997364.0
32664,9197427.0
32665,12244746.0
32666,7219726.0
32667,5949608.0
32668,6080260.0
32669,8505252.0
32670,6645777.0
32671,6031192.0
32672,4110081.0
32673,8546789.0
32674,5854651.0
32675,4526392.0
32676,5916390.0
32677,4576411.0
32678,9112718.0
32679,4764714.0
32680,17846200.0
32681,8433208.0
32682,5620956.0
32683,12175636.0
32684,6135413.0
32685,5363136.0
32686,5996368.0
32687,5222750.0
32688,6252485.0
32689,5801169.0
32690,7502490.0
32691,7696010.0
32692,11159646.0
32693,7501834.0
32694,6515100.0
32695,8149696.0
32696,3401288.0
32697,5914254.0
32698,5659597.0
32699,5515361.0
32700,8457160.0
32701,11506024.0
32702,11337114.0
32703,8346860.0
32704,9670494.0
32705,9849740.0
32706,5062810.0
32707,7391318.0
32708,5831850.0
32709,5022254.0
32710,9985413.0
32711,6126738.0
32712,7660732.0
32713,5098141.0
32714,7232570.0
32715,4070566.0
32716,4017078.0
32717,7286658.0
32718,8454703.0
32719,4978411.0
32720,4601834.0
32721,13652690.0
32722,6358312.0
32723,4589746.0
32724,7292205.0
32725,16175974.0
32726,4435417.0
32727,4174196.0
32728,9337425.0
32729,5343748.0
32730,8388706.0
32731,5658626.0
32732,5135707.0
32733,5584225.0
32734,4680797.0
32735,5266620.0
32736,4106382.0
32737,4027131.0
32738,7628254.0
32739,41660724.0
32740,5242412.0
32741,6053960.0
32742,11970650.0
32743,6909303.0
32744,13107598.0
32745,5629184.0
32746,10240612.0
32747,5889974.0
32748,3930708.0
32749,3780481.0
32750,8578699.0
32751,6585388.0
32752,29573058.0
32753,4987488.0
32754,6972530.0
32755,6382376.0
32756,6329340.0
32757,9494870.0
32758,6550385.0
32759,5636610.0
32760,4841993.0
32761,4960186.0
32762,7072926.0
32763,5729335.0
32764,5495360.0
32765,5133764.0
32766,7653438.0
32767,5488000.0
32768,5334017.0
32769,4464850.0
32770,6100637.0
32771,11216664.0
32772,14663945.0
32773,5730042.0
32774,5540498.0
32775,5791486.0
32776,5314032.0
32777,4153007.0
32778,5012178.0
32779,4090414.0
32780,6336624.0
32781,6437642.0
32782,5684546.0
32783,8208598.0
32784,9457359.0
32785,6534418.0
32786,4912852.0
32787,10246037.0
32788,4692264.0
32789,5086098.0
32790,5011202.0
32791,5767226.0
32792,5387204.0
32793,15592251.0
32794,1531247.0
32795,5033108.0
32796,5737848.0
32797,6692707.0
32798,7211126.0
32799,11429402.0
32800,4042370.0
32801,5814570.0
32802,7511153.0
32803,4395407.0
32804,9112398.0
32805,11411926.0
32806,5138392.0
32807,4951676.0
32808,5584540.0
32809,8140948.0
32810,5093302.0
32811,8493964.0
32812,4868655.0
32813,6350681.0
32814,3687270.0
32815,4827630.0
32816,3887918.0
32817,5956206.0
32818,7965630.0
32819,3248527.0
32820,4943046.0
32821,9860428.0
32822,5731992.0
32823,8068472.0
32824,6154214.0
32825,5785323.0
32826,10133074.0
32827,8149230.0
32828,5197130.0
32829,5722854.0
32830,5223976.0
32831,5880854.0
32832,3635956.0
32833,11796733.0
32834,10482635.0
32835,5767897.0
32836,5710754.0
32837,5456738.0
32838,4501268.0
32839,26923870.0
32840,6448689.0
32841,5237754.0
32842,6471506.0
32843,3589189.0
32844,5634422.0
32845,7821245.0
32846,10260976.0
32847,3452444.0
32848,10566312.0
32849,3746086.0
32850,6877866.0
32851,9160656.0
32852,4111664.0
32853,4613536.0
32854,7788404.0
32855,9190970.0
32856,4481455.0
32857,9063335.0
32858,3496035.0
32859,5713072.0
32860,6797330.0
32861,5466292.0
32862,6424782.0
32863,6550889.0
32864,6495856.0
32865,7879062.0
32866,3661156.0
32867,4160433.0
32868,9071825.0
32869,6197093.0
32870,5169464.0
32871,5076490.0
32872,8590260.0
32873,4065804.0
32874,5052695.0
32875,7097712.0
32876,7023590.0
32877,8593782.0
32878,10371280.0
32879,3884582.0
32880,7359046.0
32881,7397379.0
32882,6799858.0
32883,5025558.0
32884,5968582.0
32885,4252280.0
32886,5203128.0
32887,4994978.0
32888,7714396.0
32889,4064117.0
32890,5255646.0
32891,6030025.0
32892,4972408.0
32893,9320965.0
32894,4655643.0
32895,7438663.0
32896,5522046.0
32897,3490289.0
32898,10513776.0
32899,8501090.0
32900,5631758.0
32901,6736570.0
32902,7047780.0
32903,6089586.0
32904,10818247.0
32905,6898028.0
32906,5992626.0
32907,4373074.0
32908,7388998.0
32909,2820961.0
32910,7588498.0
32911,9661396.0
32912,5772802.0
32913,6311439.0
32914,4270841.0
32915,7052060.0
32916,10903529.0
32917,5577796.0
32918,9734668.0
32919,13025444.0
32920,4897303.0
32921,4608490.0
32922,4487892.0
32923,5338314.0
32924,2492743.0
32925,4158878.0
32926,3446198.0
32927,8786011.0
32928,9069341.0
32929,10159744.0
32930,5062858.0
32931,6314206.0
32932,5333249.0
32933,5448087.0
32934,4505070.0
32935,9956175.0
32936,4811460.0
32937,4539582.0
32938,6862606.0
32939,4899396.0
32940,6998338.0
32941,7496892.0
32942,6781562.0
32943,5295571.0
32944,5158036.0
32945,4929636.0
32946,6943452.0
32947,7249919.0
32948,13105058.0
32949,5492233.0
32950,4079772.0
32951,7563980.0
32952,7939794.0
32953,6487959.0
32954,7059438.0
32955,9758939.0
32956,5959848.0
32957,5358999.0
32958,10259653.0
32959,11608021.0
32960,5608996.0
32961,10315111.0
32962,4886571.0
32963,8787296.0
32964,4741335.0
32965,8716206.0
32966,6819119.0
32967,6857711.0
32968,5853071.0
32969,6483670.0
32970,5855720.0
32971,5558210.0
32972,5263186.0
32973,5070668.0
32974,7932956.0
32975,7286347.0
32976,5397901.0
32977,5169600.0
32978,6026388.0
32979,5333419.0
32980,4084343.0
32981,5569298.0
32982,6107925.0
32983,6363373.0
32984,5061416.0
32985,4206650.0
32986,6772222.0
32987,8560837.0
32988,6323270.0
32989,4353494.0
32990,7618528.0
32991,3493286.0
32992,6172166.0
32993,4937980.0
32994,3502212.0
32995,7692974.0
32996,6188814.0
32997,8063500.0
32998,21126004.0
32999,3786382.0
33000,5428818.0
33001,5134537.0
33002,6152930.0
33003,4368861.0
33004,6181541.0
33005,8087630.0
33006,11471595.0
33007,5234774.0
33008,3702294.0
33009,7346896.0
33010,5488786.0
33011,4542269.0
33012,5159773.0
33013,3955631.0
33014,5473050.0
33015,6339236.0
33016,4687382.0
33017,5196279.0
33018,5921628.0
33019,6030025.0
33020,6215042.0
33021,6711564.0
33022,6348060.0
33023,8276131.0
33024,13754393.0
33025,4392976.0
33026,5640304.0
33027,4170712.0
33028,6721740.0
33029,5886452.0
33030,7846726.0
33031,4486797.0
33032,9296740.0
33033,6465468.0
33034,3921267.0
33035,5969238.0
33036,5460522.0
33037,7072842.0
33038,6845301.0
33039,8913750.0
33040,12350349.0
33041,3687406.0
33042,9538702.0
33043,7374414.0
33044,5715614.0
33045,15231356.0
33046,6931501.0
33047,8822585.0
33048,8760296.0
33049,18379642.0
33050,8415052.0
33051,5994772.0
33052,9496042.0
33053,7466656.0
33054,3941317.0
33055,10212593.0
33056,5405920.0
33057,8229685.0
33058,5765013.0
33059,8697120.0
33060,4548320.0
33061,4133673.0
33062,6460767.0
33063,6541926.0
33064,5228432.0
33065,6668996.0
33066,8852645.0
33067,5187347.0
33068,7320974.0
33069,13652369.0
33070,9580155.0
33071,10830962.0
33072,5501526.0
33073,3750296.0
33074,12841581.0
33075,5396342.0
33076,7416734.0
33077,6893154.0
33078,5044971.0
33079,9148166.0
33080,6690218.0
33081,14880350.0
33082,8433816.0
33083,6926990.0
33084,5297202.0
33085,11444729.0
33086,11112758.0
33087,4184386.0
33088,3936525.0
33089,9804356.0
33090,7753050.0
33091,5144367.0
33092,5495290.0
33093,15592649.0
33094,4900724.0
33095,4156921.0
33096,8592368.0
33097,4840018.0
33098,5843199.0
33099,5339465.0
33100,5734503.0
33101,5915200.0
33102,5621376.0
33103,2286134.0
33104,4421137.0
33105,9921834.0
33106,4936190.0
33107,3925783.0
33108,12216822.0
33109,6295557.0
33110,5765021.0
33111,5881630.0
33112,4932556.0
33113,6899118.0
33114,4399196.0
33115,9143028.0
33116,5489768.0
33117,4892932.0
33118,10907422.0
33119,12369066.0
33120,2821785.0
33121,6097796.0
33122,4948434.0
33123,38973352.0
33124,3648562.0
33125,6657996.0
33126,5802414.0
33127,6467354.0
33128,5964092.0
33129,12971333.0
33130,7913000.0
33131,8537037.0
33132,4317834.0
33133,33019364.0
33134,7652277.0
33135,8593222.0
33136,6677984.0
33137,4282268.0
33138,15451811.0
33139,6686525.0
33140,6037210.0
33141,6416524.0
33142,8666292.0
33143,3133635.0
33144,4594167.0
33145,6364486.0
33146,6022352.0
33147,3767993.0
33148,5714466.0
33149,14294553.0
33150,5115864.0
33151,6240679.0
33152,14590452.0
33153,9330182.0
33154,6784600.0
33155,11555736.0
33156,8018062.0
33157,6107226.0
33158,14435907.0
33159,4575769.0
33160,4402766.0
33161,6104975.0
33162,8272828.0
33163,5948710.0
33164,5914582.0
33165,7176622.0
33166,5443696.0
33167,5251210.0
33168,7045168.0
33169,4335544.0
33170,5788062.0
33171,7147270.0
33172,10607403.0
33173,4196287.0
33174,6399864.0
33175,3772436.0
33176,4763525.0
33177,6109093.0
33178,6476618.0
33179,12117240.0
33180,5120432.0
33181,5484308.0
33182,5094650.0
33183,5098926.0
33184,4861820.0
33185,7350688.0
33186,4895832.0
33187,6005816.0
33188,6545284.0
33189,5791106.0
33190,5481684.0
33191,12315028.0
33192,7761836.0
33193,6912655.0
33194,5030069.0
33195,7671042.0
33196,5388626.0
33197,6339041.0
33198,4630996.0
33199,7314834.0
33200,3797074.0
33201,6115069.0
33202,9742687.0
33203,7669973.0
33204,6121685.0
33205,6641664.0
33206,5805390.0
33207,10714000.0
33208,10017042.0
33209,6727681.0
33210,2772482.0
33211,6170057.0
33212,4818769.0
33213,4064911.0
33214,7551570.0
33215,4612678.0
33216,4261574.0
33217,4728170.0
33218,4813912.0
33219,3828824.0
33220,6857094.0
33221,4909134.0
33222,5114163.0
33223,1802408.0
33224,10012209.0
33225,7542841.0
33226,5201360.0
33227,4128603.0
33228,4103705.0
33229,6655505.0
33230,6195344.0
33231,7514441.0
33232,7528142.0
33233,8809713.0
33234,12743347.0
33235,6666364.0
33236,7560566.0
33237,15396439.0
33238,8854956.0
33239,5973994.0
33240,6624478.0
33241,6206447.0
33242,4538189.0
33243,3888434.0
33244,12044877.0
33245,6713942.0
33246,6260036.0
33247,4134355.0
33248,9707037.0
33249,15951088.0
33250,11640105.0
33251,7488390.0
33252,10838053.0
33253,6336794.0
33254,4034552.0
33255,7823712.0
33256,8253315.0
33257,5778354.0
33258,25072312.0
33259,5388569.0
33260,5114832.0
33261,7103614.0
33262,6810590.0
33263,6456437.0
33264,8579362.0
33265,10021968.0
33266,6574638.0
33267,6801706.0
33268,6006108.0
33269,10402043.0
33270,2922404.0
33271,6089034.0
33272,5833978.0
33273,7170856.0
33274,6616495.0
33275,7068791.0
33276,11284165.0
33277,6813594.0
33278,4151958.0
33279,6174492.0
33280,5323332.0
33281,5720617.0
33282,6551480.0
33283,6303887.0
33284,5930613.0
33285,13351049.0
33286,4892759.0
33287,3895652.0
33288,10696734.0
33289,5313066.0
33290,5750072.0
33291,5225640.0
33292,7950214.0
33293,6093710.0
33294,5360886.0
33295,4350066.0
33296,3918879.0
33297,6489658.0
33298,7836894.0
33299,13814751.0
33300,3670739.0
33301,8006370.0
33302,4158558.0
33303,9400971.0
33304,11877476.0
33305,5749772.0
33306,6151008.0
33307,9021270.0
33308,6844972.0
33309,6389267.0
33310,16690828.0
33311,6282369.0
33312,4510420.0
33313,5066070.0
33314,9121215.0
33315,6714740.0
33316,7235682.0
33317,8014933.0
33318,7058386.0
33319,6456759.0
33320,9606919.0
33321,5556768.0
33322,4644338.0
33323,8097966.0
33324,10874715.0
33325,8361104.0
33326,6835887.0
33327,6519416.0
33328,6530976.0
33329,10212474.0
33330,3317117.0
33331,24007152.0
33332,4221258.0
33333,10427680.0
33334,6267308.0
33335,11434623.0
33336,9286937.0
33337,3445286.0
33338,9715949.0
33339,5107017.0
33340,6513798.0
33341,7549530.0
33342,20438436.0
33343,6888256.0
33344,5161621.0
33345,5882618.0
33346,15031180.0
33347,15395193.0
33348,5765551.0
33349,5170842.0
33350,4675993.0
33351,10049951.0
33352,5384854.0
33353,6657950.0
33354,5570660.0
33355,4562840.0
33356,6738646.0
33357,7903160.0
33358,2627134.0
33359,9221448.0
33360,4071143.0
33361,9978368.0
33362,2732207.0
33363,6127344.0
33364,5675010.0
33365,8318258.0
33366,15594239.0
33367,6268968.0
33368,8499928.0
33369,7252326.0
33370,4976902.0
33371,6119754.0
33372,5395494.0
33373,6021572.0
33374,5916092.0
33375,5938027.0
33376,5453082.0
33377,7862656.0
33378,23803598.0
33379,5650042.0
33380,7393394.0
33381,6334098.0
33382,4037328.0
33383,5981564.0
33384,8171672.0
33385,1918434.0
33386,10885808.0
33387,6977712.0
33388,8340624.0
33389,4271542.0
33390,7333874.0
33391,5490367.0
33392,11356520.0
33393,7465002.0
33394,5573519.0
33395,8695637.0
33396,5729576.0
33397,6746398.0
33398,4968372.0
33399,10791925.0
33400,18644632.0
33401,12286809.0
33402,3310388.0
33403,7153284.0
33404,11265230.0
33405,8666034.0
33406,5373142.0
33407,6535803.0
33408,9237290.0
33409,7538443.0
33410,6395658.0
33411,5556690.0
33412,10444643.0
33413,4905539.0
33414,7557881.0
33415,18234480.0
33416,10386870.0
33417,6432842.0
33418,7297602.0
33419,7477760.0
33420,10246266.0
33421,6882734.0
33422,7682074.0
33423,2867402.0
33424,6949544.0
33425,5597821.0
33426,6590143.0
33427,15111825.0
33428,4257782.0
33429,4300203.0
33430,4549057.0
33431,4220196.0
33432,5239248.0
33433,5366442.0
33434,5302935.0
33435,7610514.0
33436,5631245.0
33437,5315434.0
33438,5034360.0
33439,3684612.0
33440,5750696.0
33441,5055381.0
33442,8411987.0
33443,6439628.0
33444,13679230.0
33445,4334336.0
33446,7729326.0
33447,3655666.0
33448,7897074.0
33449,14323172.0
33450,5645590.0
33451,14375782.0
33452,9267331.0
33453,4679940.0
33454,5309234.0
33455,5993622.0
33456,6007573.0
33457,5428424.0
33458,3978446.0
33459,18248262.0
33460,11047640.0
33461,11071768.0
33462,7449268.0
33463,4850207.0
33464,13749926.0
33465,4829700.0
33466,4220456.0
33467,5565858.0
33468,3865251.0
33469,10990105.0
33470,6175338.0
33471,1889138.0
33472,11949175.0
33473,7247618.0
33474,4668614.0
33475,3586164.0
33476,5900905.0
33477,7203993.0
33478,6518777.0
33479,10294159.0
33480,7479782.0
33481,6892568.0
33482,4789540.0
33483,8299405.0
33484,6649048.0
33485,15906463.0
33486,12595040.0
33487,5488014.0
33488,11950348.0
33489,10933077.0
33490,10308807.0
33491,6526382.0
33492,6474766.0
33493,7085636.0
33494,5942733.0
33495,9343121.0
33496,5696968.0
33497,8799867.0
33498,7873595.0
33499,7131122.0
33500,6199956.0
33501,8207330.0
33502,5013808.0
33503,8654465.0
33504,9412785.0
33505,6523170.0
33506,10196400.0
33507,7002566.0
33508,5015419.0
33509,5518627.0
33510,10192713.0
33511,6657858.0
33512,5459337.0
33513,14862648.0
33514,4165640.0
33515,4278220.0
33516,5221402.0
33517,9635888.0
33518,6620227.0
33519,6518128.0
33520,5527304.0
33521,6992615.0
33522,4198490.0
33523,5989448.0
33524,5936976.0
33525,6827440.0
33526,9259565.0
33527,6671054.0
33528,6466048.0
33529,4215576.0
33530,5554654.0
33531,5692016.0
33532,4399011.0
33533,5867926.0
33534,4401318.0
33535,7936706.0
33536,7160844.0
33537,3685828.0
33538,7807395.0
33539,8589707.0
33540,9220082.0
33541,12516097.0
33542,21826590.0
33543,9521885.0
33544,5648180.0
33545,8450135.0
33546,5488014.0
33547,7286154.0
33548,7702984.0
33549,7754078.0
33550,13192194.0
33551,7387991.0
33552,6614057.0
33553,4841719.0
33554,8065068.0
33555,13085824.0
33556,4477260.0
33557,8810222.0
33558,27707022.0
33559,7988499.0
33560,5086308.0
33561,1928766.0
33562,7296991.0
33563,6466112.0
33564,5493687.0
33565,5268260.0
33566,7681034.0
33567,8642702.0
33568,1565702.0
33569,5223867.0
33570,9860349.0
33571,2659103.0
33572,6659858.0
33573,3546780.0
33574,6724862.0
33575,5455645.0
33576,4986832.0
33577,8979841.0
33578,11531389.0
33579,8094580.0
33580,8166780.0
33581,6572347.0
33582,7914873.0
33583,4424616.0
33584,4009180.0
33585,4663502.0
33586,5017034.0
33587,5489842.0
33588,9636607.0
33589,9691209.0
33590,4967730.0
33591,9287689.0
33592,6966855.0
33593,4899268.0
33594,11183719.0
33595,3464248.0
33596,6936489.0
33597,6074359.0
33598,4623086.0
33599,5540320.0
33600,5562761.0
33601,5006444.0
33602,6976480.0
33603,6886884.0
33604,3999068.0
33605,8038238.0
33606,6025664.0
33607,10828557.0
33608,9129772.0
33609,6912312.0
33610,10149621.0
33611,6445638.0
33612,4271227.0
33613,4898486.0
33614,4526150.0
33615,5018371.0
33616,10506078.0
33617,6686149.0
33618,3118738.0
33619,9297924.0
33620,6648720.0
33621,1940014.0
33622,6637593.0
33623,6460530.0
33624,5916386.0
33625,2508972.0
33626,11988779.0
33627,4027359.0
33628,4568562.0
33629,8154411.0
33630,5839890.0
33631,9743988.0
33632,5568462.0
33633,4309873.0
33634,15343691.0
33635,6677420.0
33636,6233819.0
33637,3510478.0
33638,9059942.0
33639,8726607.0
33640,10687941.0
33641,7640760.0
33642,8781082.0
33643,4153119.0
33644,6850250.0
33645,5951113.0
33646,10792693.0
33647,5919591.0
33648,7620110.0
33649,5858414.0
33650,5659502.0
33651,6289560.0
33652,8099872.0
33653,6327778.0
33654,5758282.0
33655,4973736.0
33656,3499146.0
33657,8001318.0
33658,8467157.0
33659,6991716.0
33660,7599016.0
33661,3274010.0
33662,7866774.0
33663,6734610.0
33664,7043926.0
33665,9053348.0
33666,6036022.0
33667,3621986.0
33668,7919846.0
33669,16618469.0
33670,4897602.0
33671,5229786.0
33672,22094860.0
33673,11406570.0
33674,5750556.0
33675,8625448.0
33676,4137454.0
33677,6087366.0
33678,8111025.0
33679,12516426.0
33680,7195766.0
33681,9908801.0
33682,7189118.0
33683,6842170.0
33684,4715404.0
33685,7807839.0
33686,8032559.0
33687,5807323.0
33688,13540349.0
33689,6318211.0
33690,5664036.0
33691,8627593.0
33692,5090542.0
33693,8333446.0
33694,5296858.0
33695,6902307.0
33696,6622450.0
33697,4615276.0
33698,6598586.0
33699,11735700.0
33700,3785694.0
33701,6535632.0
33702,5905906.0
33703,7216560.0
33704,4484875.0
33705,6681551.0
33706,6689686.0
33707,3973431.0
33708,2733907.0
33709,6384141.0
33710,5555626.0
33711,10742658.0
33712,9572371.0
33713,5410184.0
33714,4945991.0
33715,7361886.0
33716,4024533.0
33717,8693176.0
33718,4890710.0
33719,6620438.0
33720,5127496.0
33721,6329354.0
33722,5397505.0
33723,3965046.0
33724,6111070.0
33725,4578508.0
33726,7541730.0
33727,7870588.0
33728,7033693.0
33729,4527876.0
33730,5016301.0
33731,14966731.0
33732,6365692.0
33733,3774210.0
33734,6312626.0
33735,7060752.0
33736,6158657.0
33737,10647620.0
33738,4528388.0
33739,6967460.0
33740,4571565.0
33741,13088004.0
33742,5044054.0
33743,6006124.0
33744,4680420.0
33745,1833953.0
33746,8429169.0
33747,7277772.0
33748,5356894.0
33749,4523182.0
33750,9376850.0
33751,5234974.0
33752,4513274.0
33753,10155745.0
33754,8276398.0
33755,8909731.0
33756,7061410.0
33757,5034395.0
33758,5514557.0
33759,3113555.0
33760,4259447.0
33761,6470004.0
33762,4959269.0
33763,5256793.0
33764,5865625.0
33765,6000546.0
33766,5209043.0
33767,11082292.0
33768,5749292.0
33769,7476268.0
33770,3354654.0
33771,4908623.0
33772,7014827.0
33773,5645287.0
33774,6039268.0
33775,4338827.0
33776,6143862.0
33777,6984954.0
33778,7832262.0
33779,7787773.0
33780,15429610.0
33781,6304428.0
33782,4214954.0
33783,6960224.0
33784,6243735.0
33785,10639045.0
33786,7711873.0
33787,7131310.0
33788,4864404.0
33789,5666223.0
33790,5556316.0
33791,6607146.0
33792,4842700.0
33793,10533804.0
33794,4833525.0
33795,5714886.0
33796,8590897.0
33797,11543584.0
33798,7566226.0
33799,3921427.0
33800,5738811.0
33801,5892964.0
33802,5907120.0
33803,5874490.0
33804,8027674.0
33805,4528055.0
33806,7235469.0
33807,10059984.0
33808,5403612.0
33809,20253554.0
33810,6588940.0
33811,10294967.0
33812,11431124.0
33813,3996975.0
33814,13906875.0
33815,12138267.0
33816,4999092.0
33817,5496828.0
33818,6861446.0
33819,4326202.0
33820,6052640.0
33821,7511542.0
33822,3724420.0
33823,5729007.0
33824,9033778.0
33825,8150390.0
33826,8494657.0
33827,6259618.0
33828,4902008.0
33829,8164974.0
33830,4728926.0
33831,8976146.0
33832,6530134.0
33833,7986704.0
33834,6013147.0
33835,8054387.0
33836,6665304.0
33837,3586877.0
33838,7918370.0
33839,6780249.0
33840,9450439.0
33841,10713814.0
33842,9822370.0
33843,6668641.0
33844,4286357.0
33845,5422994.0
33846,5588861.0
33847,5864147.0
33848,6866842.0
33849,12693214.0
33850,4357104.0
33851,4868765.0
33852,6353394.0
33853,9913042.0
33854,5453659.0
33855,5021544.0
33856,1793156.0
33857,7939386.0
33858,7938752.0
33859,13479399.0
33860,3263074.0
33861,4348506.0
33862,4876600.0
33863,4229590.0
33864,6211729.0
33865,4924826.0
33866,6890941.0
33867,5271202.0
33868,11417434.0
33869,8550191.0
33870,5594770.0
33871,6289940.0
33872,6081327.0
33873,6620335.0
33874,4375236.0
33875,11705356.0
33876,7803199.0
33877,7463050.0
33878,5196558.0
33879,5791106.0
33880,4759804.0
33881,6771769.0
33882,6032586.0
33883,4537426.0
33884,6237468.0
33885,6665743.0
33886,9418850.0
33887,8816602.0
33888,11971587.0
33889,6357913.0
33890,7294201.0
33891,6769868.0
33892,4029902.0
33893,8620587.0
33894,4419442.0
33895,5691848.0
33896,5029524.0
33897,4343528.0
33898,5749858.0
33899,11746507.0
33900,10432131.0
33901,6494654.0
33902,6160042.0
33903,6295957.0
33904,6137172.0
33905,5911756.0
33906,4717413.0
33907,2294220.0
33908,3454914.0
33909,6664577.0
33910,4345141.0
33911,5778022.0
33912,3491102.0
33913,5703210.0
33914,3429345.0
33915,31138500.0
33916,6494217.0
33917,5997480.0
33918,9487822.0
33919,7459448.0
33920,3361665.0
33921,4338692.0
33922,4427485.0
33923,9771211.0
33924,4967293.0
33925,8921270.0
33926,6258507.0
33927,11140900.0
33928,7561938.0
33929,7263436.0
33930,5770298.0
33931,6660111.0
33932,5411522.0
33933,7888566.0
33934,4561944.0
33935,2381987.0
33936,5936062.0
33937,5381503.0
33938,9520541.0
33939,6936982.0
33940,14413711.0
33941,7589772.0
33942,10474968.0
33943,9130736.0
33944,5894381.0
33945,9545511.0
33946,5911810.0
33947,12013628.0
33948,7103816.0
33949,5889046.0
33950,6377180.0
33951,3398294.0
33952,7008312.0
33953,5580743.0
33954,15815593.0
33955,5714025.0
33956,12201907.0
33957,3529399.0
33958,3811822.0
33959,5626409.0
33960,5837232.0
33961,7337768.0
33962,5346416.0
33963,7551045.0
33964,6460282.0
33965,3044576.0
33966,5085307.0
33967,6660080.0
33968,8167027.0
33969,4803262.0
33970,3905339.0
33971,5281628.0
33972,9287091.0
33973,6775044.0
33974,4027305.0
33975,8384231.0
33976,11922055.0
33977,5686496.0
33978,8178692.0
33979,6865156.0
33980,14752648.0
33981,5909652.0
33982,4195678.0
33983,3426148.0
33984,4060254.0
33985,6417280.0
33986,6618540.0
33987,5012922.0
33988,2707422.0
33989,6187975.0
33990,3256825.0
33991,4836338.0
33992,2499918.0
33993,12739100.0
33994,8682158.0
33995,7039701.0
33996,7551595.0
33997,5578626.0
33998,8970069.0
33999,5574279.0
34000,4472326.0
34001,8372978.0
34002,7499952.0
34003,4078002.0
34004,3991676.0
34005,5850191.0
34006,18169002.0
34007,6589724.0
34008,5510677.0
34009,6950041.0
34010,6155364.0
34011,4637700.0
34012,9091738.0
34013,6441656.0
34014,8739611.0
34015,6826250.0
34016,3129364.0
34017,11294882.0
34018,9805489.0
34019,8159978.0
34020,6975882.0
34021,6151330.0
34022,5611598.0
34023,5488796.0
34024,5747002.0
34025,5751492.0
34026,9132509.0
34027,7086016.0
34028,6533769.0
34029,2395929.0
34030,4688148.0
34031,16747600.0
34032,9547263.0
34033,8040734.0
34034,7420140.0
34035,3658821.0
34036,8183922.0
34037,4827929.0
34038,3988388.0
34039,5301795.0
34040,9390176.0
34041,4724509.0
34042,9560824.0
34043,4585348.0
34044,4213270.0
34045,8980989.0
34046,5237683.0
34047,6676641.0
34048,7820418.0
34049,4010984.0
34050,7696640.0
34051,8157129.0
34052,6192640.0
34053,11496528.0
34054,7985545.0
34055,4269305.0
34056,3571184.0
34057,5447598.0
34058,9718622.0
34059,6190156.0
34060,3349266.0
34061,6155483.0
34062,3311643.0
34063,7367475.0
34064,3275312.0
34065,5637910.0
34066,5052414.0
34067,5698660.0
34068,10179816.0
34069,5646558.0
34070,6154545.0
34071,3908464.0
34072,12576336.0
34073,5119120.0
34074,11149562.0
34075,4997538.0
34076,6012982.0
34077,7146818.0
34078,11132291.0
34079,7828210.0
34080,5960880.0
34081,5972508.0
34082,6810830.0
34083,6140064.0
34084,6724257.0
34085,4833746.0
34086,7412400.0
34087,4561863.0
34088,5129338.0
34089,4751666.0
34090,5470464.0
34091,6602213.0
34092,5587646.0
34093,5657491.0
34094,4924482.0
34095,3597934.0
34096,7266473.0
34097,12947771.0
34098,8373402.0
34099,7797580.0
34100,5328329.0
34101,8959078.0
34102,6061544.0
34103,7194609.0
34104,1844474.0
34105,4834288.0
34106,6096696.0
34107,6926729.0
34108,5768798.0
34109,9781719.0
34110,6803632.0
34111,4500215.0
34112,7960872.0
34113,5896747.0
34114,6376722.0
34115,3582042.0
34116,8095864.0
34117,5854910.0
34118,4552425.0
34119,7855692.0
34120,3347771.0
34121,3852339.0
34122,3784103.0
34123,3884582.0
34124,6202538.0
34125,3567132.0
34126,11201937.0
34127,3569634.0
34128,7229044.0
34129,6120129.0
34130,5549992.0
34131,16573069.0
34132,9101415.0
34133,11526366.0
34134,6002506.0
34135,6780800.0
34136,6644270.0
34137,5189242.0
34138,5606172.0
34139,7496843.0
34140,6424374.0
34141,7786908.0
34142,6132172.0
34143,7715855.0
34144,9772443.0
34145,4174836.0
34146,10358422.0
34147,7073856.0
34148,6093945.0
34149,4810025.0
34150,12659776.0
34151,5384548.0
34152,10494646.0
34153,3977788.0
34154,6826260.0
34155,4914964.0
34156,5902979.0
34157,6955715.0
34158,5361354.0
34159,12099499.0
34160,7688677.0
34161,4349995.0
34162,8385811.0
34163,6343958.0
34164,3574650.0
34165,7680861.0
34166,5716201.0
34167,8256936.0
34168,7090664.0
34169,6983760.0
34170,8130366.0
34171,6011278.0
34172,6556400.0
34173,8120951.0
34174,5050792.0
34175,5749822.0
34176,5121455.0
34177,5454554.0
34178,6932962.0
34179,5695747.0
34180,8355408.0
34181,4750512.0
34182,6242688.0
34183,4090770.0
34184,5266630.0
34185,7168215.0
34186,10152294.0
34187,4975622.0
34188,3680223.0
34189,7322045.0
34190,6382564.0
34191,9675908.0
34192,6513768.0
34193,4571082.0
34194,6422078.0
34195,8795829.0
34196,3848854.0
34197,8578229.0
34198,6009584.0
34199,5968354.0
34200,8022066.0
34201,4810575.0
34202,10577368.0
34203,7570019.0
34204,7364712.0
34205,7218016.0
34206,4647512.0
34207,3593532.0
34208,9003939.0
34209,6358492.0
34210,14363294.0
34211,7085231.0
34212,5293329.0
34213,12497237.0
34214,7225534.0
34215,3936064.0
34216,17135490.0
34217,5712308.0
34218,5412922.0
34219,4742381.0
34220,4569869.0
34221,4874196.0
34222,5860716.0
34223,3832484.0
34224,7294728.0
34225,6636790.0
34226,6629633.0
34227,6650071.0
34228,8917021.0
34229,5844438.0
34230,5181276.0
34231,6495291.0
34232,4731816.0
34233,13645697.0
34234,4603208.0
34235,4726980.0
34236,5697451.0
34237,18790108.0
34238,10110977.0
34239,5998952.0
34240,4466780.0
34241,3522840.0
34242,4906489.0
34243,7168502.0
34244,4309754.0
34245,5544876.0
34246,6217436.0
34247,11791478.0
34248,4921801.0
34249,4530601.0
34250,5636970.0
34251,6793011.0
34252,9304274.0
34253,6193082.0
34254,8261711.0
34255,5303766.0
34256,11740036.0
34257,7003172.0
34258,5881682.0
34259,11990355.0
34260,5582994.0
34261,6734258.0
34262,6513852.0
34263,5323035.0
34264,5054522.0
34265,8023704.0
34266,3566038.0
34267,7827962.0
34268,9494367.0
34269,6293482.0
34270,11210233.0
34271,4866716.0
34272,11542824.0
34273,5319306.0
34274,7608046.0
34275,5866071.0
34276,9449178.0
34277,15649027.0
34278,3260390.0
34279,10097311.0
34280,5547270.0
34281,3556711.0
34282,5597211.0
34283,10701948.0
34284,7888116.0
34285,4690826.0
34286,5888334.0
34287,6165874.0
34288,5263550.0
34289,11752597.0
34290,6684346.0
34291,6758870.0
34292,3561618.0
34293,30001890.0
34294,14265019.0
34295,8122882.0
34296,6622538.0
34297,7493160.0
34298,7110270.0
34299,6915892.0
34300,6584674.0
34301,6692155.0
34302,5298759.0
34303,7002831.0
34304,6695108.0
34305,11412286.0
34306,5554899.0
34307,8918393.0
34308,9815436.0
34309,5232750.0
34310,6432502.0
34311,7741286.0
34312,3763716.0
34313,7663414.0
34314,6998561.0
34315,14391581.0
34316,5776719.0
34317,7350848.0
34318,5316092.0
34319,3768563.0
34320,7112924.0
34321,2406120.0
34322,5767008.0
34323,6181237.0
34324,7814145.0
34325,5502625.0
34326,6867710.0
34327,7363822.0
34328,16184562.0
34329,12963502.0
34330,7866872.0
34331,7080153.0
34332,6879372.0
34333,5548172.0
34334,4815390.0
34335,11412894.0
34336,5237596.0
34337,4197726.0
34338,7524730.0
34339,14529666.0
34340,9241816.0
34341,6292347.0
34342,6832112.0
34343,3569724.0
34344,11151635.0
34345,14742692.0
34346,7018276.0
34347,5476812.0
34348,5074369.0
34349,3783354.0
34350,8489355.0
34351,3840940.0
34352,7444042.0
34353,9473324.0
34354,3561618.0
34355,7577444.0
34356,7824060.0
34357,8546191.0
34358,6078574.0
34359,7427348.0
34360,12614806.0
34361,8307036.0
34362,4812376.0
34363,4604464.0
34364,4242938.0
34365,4636064.0
34366,6460446.0
34367,9167535.0
34368,3973678.0
34369,5326134.0
34370,5878291.0
34371,6705120.0
34372,3890737.0
34373,11042541.0
34374,9757791.0
34375,4825360.0
34376,8438873.0
34377,3855568.0
34378,5531272.0
34379,8723965.0
34380,7828429.0
34381,5285027.0
34382,3991722.0
34383,6754862.0
34384,9276528.0
34385,4557681.0
34386,8111078.0
34387,5073735.0
34388,8346068.0
34389,5338796.0
34390,7122550.0
34391,5566690.0
34392,5221016.0
34393,5452415.0
34394,4796052.0
34395,6619828.0
34396,12845711.0
34397,3258626.0
34398,8973023.0
34399,11359260.0
34400,9263858.0
34401,4794018.0
34402,4772226.0
34403,5923074.0
34404,7856171.0
34405,11978467.0
34406,9589308.0
34407,4349216.0
34408,3666614.0
34409,6287975.0
34410,9735626.0
34411,6242016.0
34412,5780380.0
34413,6857054.0
34414,11707576.0
34415,2348410.0
34416,8855934.0
34417,5582952.0
34418,4140747.0
34419,6449718.0
34420,8845700.0
34421,3835886.0
34422,5618471.0
34423,4773216.0
34424,6879072.0
34425,4733922.0
34426,4011642.0
34427,5242789.0
34428,6250360.0
34429,6907728.0
34430,7384042.0
34431,4939310.0
34432,5536488.0
34433,3456816.0
34434,5617164.0
34435,5060274.0
34436,6694458.0
34437,5262940.0
34438,4810796.0
34439,5915212.0
34440,6097708.0
34441,7800118.0
34442,5795845.0
34443,4400838.0
34444,4913614.0
34445,5718026.0
34446,6356962.0
34447,12075723.0
34448,5819070.0
34449,10171262.0
34450,5455278.0
34451,5571465.0
34452,6279135.0
34453,6442096.0
34454,6447632.0
34455,5948344.0
34456,5926461.0
34457,9350192.0
34458,5549932.0
34459,8333521.0
34460,6701200.0
34461,6165648.0
34462,6064997.0
34463,4525602.0
34464,6820100.0
34465,14636190.0
34466,3570018.0
34467,7693306.0
34468,8605256.0
34469,6424778.0
34470,5223345.0
34471,8516479.0
34472,4538854.0
34473,3946813.0
34474,11535417.0
34475,5468942.0
34476,6721388.0
34477,9292013.0
34478,13091257.0
34479,6962684.0
34480,6326844.0
34481,8478184.0
34482,9059579.0
34483,7141610.0
34484,7974831.0
34485,3934660.0
34486,10359764.0
34487,9775753.0
34488,5546088.0
34489,5265328.0
34490,7890066.0
34491,5997194.0
34492,4250018.0
34493,4134704.0
34494,7635133.0
34495,4820882.0
34496,6234987.0
34497,4713462.0
34498,6771789.0
34499,9897458.0
34500,6661642.0
34501,12680684.0
34502,4316235.0
34503,8490767.0
34504,8375491.0
34505,5285574.0
34506,11756157.0
34507,4994610.0
34508,12248817.0
34509,5552174.0
34510,34937908.0
34511,8338770.0
34512,10311505.0
34513,5438446.0
34514,4556924.0
34515,4080939.0
34516,1714108.0
34517,6738685.0
34518,4963536.0
34519,7304712.0
34520,3924680.0
34521,39222884.0
34522,6453756.0
34523,5515558.0
34524,7436478.0
34525,5224159.0
34526,5339795.0
34527,6896054.0
34528,24243936.0
34529,11244111.0
34530,7583994.0
34531,5057953.0
34532,4450460.0
34533,5767957.0
34534,7939142.0
34535,3208477.0
34536,7355354.0
34537,2981879.0
34538,5494723.0
34539,7025382.0
34540,5921554.0
34541,9130433.0
34542,6655704.0
34543,6510038.0
34544,4594240.0
34545,3922025.0
34546,26092392.0
34547,3951976.0
34548,11296191.0
34549,5498848.0
34550,4214272.0
34551,6301631.0
34552,6898376.0
34553,31303828.0
34554,4143365.0
34555,10061829.0
34556,7623946.0
34557,11156257.0
34558,4918934.0
34559,7320816.0
34560,9962784.0
34561,5706052.0
34562,13473857.0
34563,4884932.0
34564,15650334.0
34565,4639195.0
34566,10741587.0
34567,5828429.0
34568,6396223.0
34569,8456174.0
34570,6428860.0
34571,8915142.0
34572,9349178.0
34573,11671710.0
34574,5718054.0
34575,6019712.0
34576,3600344.0
34577,5738770.0
34578,5064108.0
34579,4682462.0
34580,4233209.0
34581,4639344.0
34582,5641690.0
34583,7153058.0
34584,5848606.0
34585,6153830.0
34586,1823212.0
34587,10726292.0
34588,4158408.0
34589,4126942.0
34590,7370216.0
34591,10054442.0
34592,4407023.0
34593,4795458.0
34594,7633768.0
34595,8496430.0
34596,9411162.0
34597,10358083.0
34598,6155233.0
34599,4190241.0
34600,7457002.0
34601,5069183.0
34602,7095688.0
34603,6118191.0
34604,3802184.0
34605,3416220.0
34606,4616919.0
34607,5628964.0
34608,10464908.0
34609,19293960.0
34610,6315212.0
34611,6582126.0
34612,6018495.0
34613,9656345.0
34614,5536258.0
34615,6432402.0
34616,8523961.0
34617,11280359.0
34618,10884801.0
34619,4719654.0
34620,4205316.0
34621,5364096.0
34622,5667550.0
34623,5345542.0
34624,5858848.0
34625,14085191.0
34626,7430883.0
34627,5445022.0
34628,4302122.0
34629,2570541.0
34630,4937688.0
34631,6550718.0
34632,18753500.0
34633,5586146.0
34634,6046482.0
34635,5347730.0
34636,7856114.0
34637,5367657.0
34638,5837362.0
34639,5432624.0
34640,3654803.0
34641,4658114.0
34642,7364228.0
34643,4891822.0
34644,6286927.0
34645,5237119.0
34646,5197255.0
34647,5032202.0
34648,7242767.0
34649,9699084.0
34650,6875573.0
34651,9679472.0
34652,5428470.0
34653,6259781.0
34654,4457780.0
34655,7691020.0
34656,4909895.0
34657,6524737.0
34658,3176539.0
34659,4490404.0
34660,4964074.0
34661,7489508.0
34662,3366371.0
34663,12319396.0
34664,5974352.0
34665,8020408.0
34666,3378208.0
34667,6910833.0
34668,3839068.0
34669,6726821.0
34670,9213176.0
34671,4764903.0
34672,6676583.0
34673,8485300.0
34674,6223302.0
34675,7269654.0
34676,5038690.0
34677,10765648.0
34678,5843406.0
34679,8627226.0
34680,11430207.0
34681,5234307.0
34682,5049662.0
34683,5538556.0
34684,3327453.0
34685,11325010.0
34686,5606988.0
34687,6115008.0
34688,12706581.0
34689,5981261.0
34690,11726101.0
34691,11919232.0
34692,20063146.0
34693,4606213.0
34694,6995156.0
34695,5484875.0
34696,5957116.0
34697,8072191.0
34698,6229172.0
34699,6382296.0
34700,7658021.0
34701,12320360.0
34702,9231356.0
34703,3476988.0
34704,4764206.0
34705,5339055.0
34706,5829472.0
34707,4763272.0
34708,5101003.0
34709,14332767.0
34710,4245428.0
34711,9859471.0
34712,11617494.0
34713,4109434.0
34714,5829260.0
34715,4456360.0
34716,13592160.0
34717,5298448.0
34718,5918287.0
34719,6042708.0
34720,8622039.0
34721,6920280.0
34722,4817658.0
34723,6363846.0
34724,6796812.0
34725,6723312.0
34726,5157983.0
34727,5562156.0
34728,5897338.0
34729,5273218.0
34730,9077989.0
34731,11364921.0
34732,8968266.0
34733,3730874.0
34734,17104518.0
34735,5374618.0
34736,6467222.0
34737,11586267.0
34738,7331180.0
34739,5996210.0
34740,7955358.0
34741,3886294.0
34742,6871290.0
34743,5703936.0
34744,3349216.0
34745,7585850.0
34746,9440199.0
34747,6003776.0
34748,7597115.0
34749,6902410.0
34750,5080795.0
34751,5112842.0
34752,28756054.0
34753,11332683.0
34754,9374223.0
34755,4587850.0
34756,4467305.0
34757,4627684.0
34758,3373802.0
34759,7064912.0
34760,4201781.0
34761,11297787.0
34762,5510174.0
34763,7661148.0
34764,5808509.0
34765,7754078.0
34766,20981348.0
34767,9148863.0
34768,4790176.0
34769,9165254.0
34770,6138682.0
34771,15309047.0
34772,7028945.0
34773,5388615.0
34774,8872873.0
34775,4135584.0
34776,9343228.0
34777,5264713.0
34778,6488812.0
34779,6302655.0
34780,8019749.0
34781,26911166.0
34782,5055738.0
34783,12182209.0
34784,3603711.0
34785,8567355.0
34786,6499112.0
34787,3715915.0
34788,6299433.0
34789,7713324.0
34790,5085815.0
34791,5716656.0
34792,7972711.0
34793,4021551.0
34794,22360286.0
34795,5561332.0
34796,5419759.0
34797,7803926.0
34798,6462830.0
34799,6757230.0
34800,16731861.0
34801,6423700.0
34802,13213162.0
34803,6798920.0
34804,6948538.0
34805,6614419.0
34806,7579241.0
34807,3961368.0
34808,6848926.0
34809,8516135.0
34810,7619900.0
34811,3832977.0
34812,3813431.0
34813,4347082.0
34814,3330481.0
34815,9278005.0
34816,7731238.0
34817,8466870.0
34818,7022194.0
34819,7725200.0
34820,6452590.0
34821,3799867.0
34822,4911516.0
34823,5854183.0
34824,15329655.0
34825,11200094.0
34826,6808786.0
34827,4681271.0
34828,3176539.0
34829,9800206.0
34830,6084336.0
34831,3777793.0
34832,6953837.0
34833,5465248.0
34834,7869454.0
34835,4515193.0
34836,7254234.0
34837,6494714.0
34838,9077314.0
34839,4800534.0
34840,12199107.0
34841,10283257.0
34842,5915408.0
34843,6084585.0
34844,6140888.0
34845,6361680.0
34846,10246322.0
34847,5687282.0
34848,6896618.0
34849,4758368.0
34850,4703920.0
34851,3172866.0
34852,8873889.0
34853,3282029.0
34854,3477720.0
34855,14580098.0
34856,7864858.0
34857,8501443.0
34858,14512879.0
34859,11098633.0
34860,7822639.0
34861,6606441.0
34862,6142619.0
34863,11233413.0
34864,7283790.0
34865,3802212.0
34866,5562743.0
34867,6690002.0
34868,6042522.0
34869,7788935.0
34870,7613775.0
34871,5238082.0
34872,5553686.0
34873,6110646.0
34874,7396022.0
34875,6374990.0
34876,6690322.0
34877,6103004.0
34878,6175348.0
34879,5835258.0
34880,5708670.0
34881,6691905.0
34882,7700728.0
34883,3316160.0
34884,6135259.0
34885,7089056.0
34886,8009174.0
34887,5303002.0
34888,6244723.0
34889,4997642.0
34890,6349438.0
34891,5344995.0
34892,6894084.0
34893,8058996.0
34894,5331508.0
34895,4574628.0
34896,18301386.0
34897,6406496.0
34898,6230759.0
34899,6684498.0
34900,4449932.0
34901,5310888.0
34902,7432060.0
34903,6834893.0
34904,6667019.0
34905,4904656.0
34906,10043889.0
34907,7611480.0
34908,12144140.0
34909,3826897.0
34910,7969895.0
34911,8265493.0
34912,6788433.0
34913,5255656.0
34914,11117342.0
34915,6747840.0
34916,3875751.0
34917,7126462.0
34918,12365425.0
34919,4334088.0
34920,4545482.0
34921,6195008.0
34922,7504051.0
34923,5352453.0
34924,6609694.0
34925,11036518.0
34926,3451012.0
34927,11013899.0
34928,4765178.0
34929,8912887.0
34930,5105079.0
34931,8216352.0
34932,5828676.0
34933,4541067.0
34934,7205268.0
34935,5987761.0
34936,6007978.0
34937,10564940.0
34938,7294752.0
34939,6470458.0
34940,6478825.0
34941,14401146.0
34942,7909762.0
34943,4777606.0
34944,6407369.0
34945,7864147.0
34946,6902646.0
34947,4119711.0
34948,3971428.0
34949,4842638.0
34950,8324833.0
34951,8965781.0
34952,5805694.0
34953,18364824.0
34954,4851369.0
34955,7572756.0
34956,11259308.0
34957,5913685.0
34958,5896374.0
34959,5692917.0
34960,7896349.0
34961,5928785.0
34962,9186462.0
34963,6103019.0
34964,8988216.0
34965,6049970.0
34966,4813498.0
34967,5220284.0
34968,5816296.0
34969,8231424.0
34970,4588817.0
34971,3472329.0
34972,3793415.0
34973,5167709.0
34974,11521850.0
34975,13386481.0
34976,8682005.0
34977,5489318.0
34978,6234269.0
34979,7779577.0
34980,8872758.0
34981,4145045.0
34982,6249406.0
34983,5341292.0
34984,5706828.0
34985,5585219.0
34986,5122994.0
34987,3525966.0
34988,12325126.0
34989,5166323.0
34990,2354968.0
34991,5173819.0
34992,6939346.0
34993,3828842.0
34994,10628395.0
34995,6528784.0
34996,8216814.0
34997,8937318.0
34998,5775480.0
34999,4681271.0
35000,8144184.0
35001,5420263.0
35002,4845438.0
35003,6625970.0
35004,6470983.0
35005,4961850.0
35006,5885902.0
35007,9239250.0
35008,5006931.0
35009,5684774.0
35010,3100843.0
35011,6463237.0
35012,20462988.0
35013,9676252.0
35014,5764653.0
35015,10201772.0
35016,8309406.0
35017,4331105.0
35018,8504193.0
35019,11606188.0
35020,7375876.0
35021,6229926.0
35022,5112004.0
35023,3802608.0
35024,9585711.0
35025,6470483.0
35026,1821702.0
35027,8165497.0
35028,5396613.0
35029,4287004.0
35030,7760556.0
35031,4833112.0
35032,4574382.0
35033,6164038.0
35034,9790876.0
35035,13511585.0
35036,6571834.0
35037,5117653.0
35038,6492274.0
35039,13183808.0
35040,5995466.0
35041,6113791.0
35042,9052051.0
35043,13176736.0
35044,6131348.0
35045,7078234.0
35046,6030581.0
35047,5073275.0
35048,5515620.0
35049,5118644.0
35050,5899124.0
35051,8420037.0
35052,5622468.0
35053,8511846.0
35054,5026458.0
35055,6663172.0
35056,5299510.0
35057,7383116.0
35058,5357666.0
35059,8518532.0
35060,11572092.0
35061,5114986.0
35062,7742521.0
35063,4130303.0
35064,6056158.0
35065,6401360.0
35066,4354492.0
35067,6298362.0
35068,6242688.0
35069,3735143.0
35070,7487498.0
35071,3782885.0
35072,3924359.0
35073,9229574.0
35074,7394676.0
35075,5566210.0
35076,7315236.0
35077,6976120.0
35078,6423946.0
35079,7869726.0
35080,9666223.0
35081,5751189.0
35082,14022663.0
35083,4855204.0
35084,15003682.0
35085,5768602.0
35086,8771814.0
35087,7331878.0
35088,6013722.0
35089,5256133.0
35090,3047228.0
35091,1960820.0
35092,3899119.0
35093,7991642.0
35094,6007380.0
35095,7852453.0
35096,6571868.0
35097,4406241.0
35098,11414120.0
35099,3604111.0
35100,5943738.0
35101,5708044.0
35102,4418992.0
35103,23102740.0
35104,4650558.0
35105,6952138.0
35106,12464878.0
35107,3723855.0
35108,31863176.0
35109,5064400.0
35110,6230228.0
35111,7281530.0
35112,10401976.0
35113,5409158.0
35114,6194300.0
35115,7233302.0
35116,4480768.0
35117,3771913.0
35118,7114994.0
35119,7373848.0
35120,5454832.0
35121,5323290.0
35122,3813431.0
35123,6973222.0
35124,6876298.0
35125,5326554.0
35126,5764458.0
35127,5129584.0
35128,4801276.0
35129,8570131.0
35130,10506787.0
35131,14139869.0
35132,6822350.0
35133,6193902.0
35134,38979772.0
35135,5678174.0
35136,6038756.0
35137,5493400.0
35138,5558248.0
35139,11163129.0
35140,5113726.0
35141,4921916.0
35142,6599652.0
35143,8614604.0
35144,4713615.0
35145,8006887.0
35146,6977400.0
35147,4282110.0
35148,3681376.0
35149,9420248.0
35150,9580446.0
35151,6275386.0
35152,9328329.0
35153,5203104.0
35154,7066166.0
35155,6364198.0
35156,4422402.0
35157,3458049.0
35158,10019103.0
35159,9343147.0
35160,8543989.0
35161,7458491.0
35162,5324298.0
35163,4288180.0
35164,11862024.0
35165,7110006.0
35166,6814370.0
35167,7250490.0
35168,4576436.0
35169,7970656.0
35170,7449538.0
35171,1741472.0
35172,8240627.0
35173,9806875.0
35174,7195542.0
35175,7042645.0
35176,7996114.0
35177,9338937.0
35178,12443740.0
35179,4969080.0
35180,5518812.0
35181,4298634.0
35182,12774220.0
35183,10521700.0
35184,19904500.0
35185,8517885.0
35186,14041829.0
35187,6015562.0
35188,8729723.0
35189,7236234.0
35190,5643357.0
35191,10213381.0
35192,6415466.0
35193,6372146.0
35194,4240674.0
35195,11670427.0
35196,6101850.0
35197,10054337.0
35198,5880370.0
35199,4930866.0
35200,7813245.0
35201,7388561.0
35202,6929337.0
35203,4481552.0
35204,6861655.0
35205,6183334.0
35206,6478825.0
35207,5708872.0
35208,9672759.0
35209,4430226.0
35210,3256868.0
35211,9727160.0
35212,5749902.0
35213,6465925.0
35214,5143438.0
35215,6382356.0
35216,6932817.0
35217,6572801.0
35218,3738104.0
35219,7680610.0
35220,6817257.0
35221,8474830.0
35222,7209280.0
35223,8208824.0
35224,4376060.0
35225,9214013.0
35226,6034284.0
35227,6871479.0
35228,6829784.0
35229,5956602.0
35230,6113152.0
35231,6376166.0
35232,7800214.0
35233,7039681.0
35234,5193068.0
35235,7867684.0
35236,5574682.0
35237,7689840.0
35238,6115960.0
35239,8118858.0
35240,3647570.0
35241,4216281.0
35242,14013884.0
35243,5772844.0
35244,5879024.0
35245,6318356.0
35246,10458162.0
35247,4240172.0
35248,10536778.0
35249,5150050.0
35250,7060556.0
35251,3118431.0
35252,4566242.0
35253,5182344.0
35254,5044052.0
35255,5416590.0
35256,3961844.0
35257,4238574.0
35258,3803405.0
35259,10338907.0
35260,8887202.0
35261,4741440.0
35262,8317822.0
35263,6905310.0
35264,9882333.0
35265,8813651.0
35266,8250966.0
35267,5197734.0
35268,4354310.0
35269,4592923.0
35270,3456816.0
35271,3659746.0
35272,7965102.0
35273,4169858.0
35274,3527014.0
35275,5687397.0
35276,5149184.0
35277,6445142.0
35278,7330396.0
35279,6454461.0
35280,8336368.0
35281,8421114.0
35282,11316688.0
35283,9484218.0
35284,4217792.0
35285,3360388.0
35286,4930270.0
35287,6658178.0
35288,7329964.0
35289,13703006.0
35290,5818990.0
35291,19102586.0
35292,6872804.0
35293,6005630.0
35294,5140150.0
35295,5459112.0
35296,6061071.0
35297,7047386.0
35298,6625059.0
35299,8216963.0
35300,9282355.0
35301,9662863.0
35302,7291732.0
35303,5712490.0
35304,4092720.0
35305,9579282.0
35306,4177769.0
35307,5846024.0
35308,3723855.0
35309,6808432.0
35310,3456816.0
35311,3729364.0
35312,6246206.0
35313,3597049.0
35314,6019096.0
35315,8808335.0
35316,3838471.0
35317,6060768.0
35318,3697926.0
35319,7001786.0
35320,4227757.0
35321,3918560.0
35322,7325057.0
35323,4817812.0
35324,5043344.0
35325,2659578.0
35326,2803162.0
35327,6405699.0
35328,13986447.0
35329,9435587.0
35330,3690884.0
35331,8347052.0
35332,9057025.0
35333,6521258.0
35334,15059918.0
35335,2656931.0
35336,10141786.0
35337,7321501.0
35338,8856005.0
35339,9536290.0
35340,6987442.0
35341,5706614.0
35342,9198961.0
35343,9905308.0
35344,7959536.0
35345,5655352.0
35346,3539544.0
35347,4015664.0
35348,5571859.0
35349,6604668.0
35350,5346036.0
35351,9079538.0
35352,4270645.0
35353,5866693.0
35354,6768626.0
35355,12558631.0
35356,19473862.0
35357,6106484.0
35358,4486186.0
35359,12027880.0
35360,5796545.0
35361,6126316.0
35362,5892104.0
35363,6050516.0
35364,6705074.0
35365,8861682.0
35366,6935758.0
35367,6547708.0
35368,14265906.0
35369,5549994.0
35370,5201626.0
35371,6892824.0
35372,11959170.0
35373,5739876.0
35374,5584034.0
35375,6862864.0
35376,3936166.0
35377,3523579.0
35378,10452129.0
35379,5556702.0
35380,6191683.0
35381,5240246.0
35382,9231166.0
35383,6203696.0
35384,5025032.0
35385,7553682.0
35386,5696848.0
35387,11164432.0
35388,3882762.0
35389,6858552.0
35390,7760774.0
35391,6894298.0
35392,8898841.0
35393,7124723.0
35394,15447077.0
35395,7033691.0
35396,7379147.0
35397,7945862.0
35398,4273974.0
35399,3124312.0
35400,6238936.0
35401,6054618.0
35402,9568645.0
35403,8752772.0
35404,6849504.0
35405,5508848.0
35406,5440408.0
35407,11290792.0
35408,9137201.0
35409,7546336.0
35410,4903436.0
35411,9065420.0
35412,4450978.0
35413,14144776.0
35414,8008944.0
35415,8041914.0
35416,8445126.0
35417,9844255.0
35418,4434913.0
35419,6753130.0
35420,7276472.0
35421,8781839.0
35422,7610657.0
35423,4056474.0
35424,6393361.0
35425,4519548.0
35426,5840162.0
35427,6062274.0
35428,5589668.0
35429,6150718.0
35430,6657504.0
35431,7021755.0
35432,7792892.0
35433,9076378.0
35434,4902949.0
35435,6504198.0
35436,11797323.0
35437,10251434.0
35438,9313879.0
35439,5902760.0
35440,5394050.0
35441,4167993.0
35442,9851736.0
35443,18429158.0
35444,6596378.0
35445,11068125.0
35446,4087799.0
35447,7870077.0
35448,7259394.0
35449,5079978.0
35450,5123255.0
35451,11545188.0
35452,5124050.0
35453,4996199.0
35454,5500250.0
35455,21735518.0
35456,7013994.0
35457,6683470.0
35458,6622322.0
35459,6953209.0
35460,5920134.0
35461,8652679.0
35462,8159180.0
35463,10327102.0
35464,29665826.0
35465,6258348.0
35466,4667654.0
35467,10290373.0
35468,3723009.0
35469,4240674.0
35470,4707920.0
35471,7721609.0
35472,3762212.0
35473,6062848.0
35474,8783789.0
35475,7136422.0
35476,8952934.0
35477,3795905.0
35478,3961346.0
35479,9310063.0
35480,5992634.0
35481,3146654.0
35482,11810130.0
35483,6553462.0
35484,7479863.0
35485,6164565.0
35486,7674344.0
35487,8263674.0
35488,9184284.0
35489,5696652.0
35490,10018396.0
35491,3792438.0
35492,5522286.0
35493,14294390.0
35494,14925280.0
35495,14959195.0
35496,13685930.0
35497,5876229.0
35498,5319520.0
35499,9622133.0
35500,3724353.0
35501,22994792.0
35502,4844592.0
35503,3886066.0
35504,4928886.0
35505,9661877.0
35506,6887879.0
35507,8445223.0
35508,7578688.0
35509,10424039.0
35510,6987198.0
35511,3528544.0
35512,6662080.0
35513,15177104.0
35514,8525080.0
35515,5965334.0
35516,5251840.0
35517,16378637.0
35518,3949888.0
35519,7673774.0
35520,5998214.0
35521,9135267.0
35522,5942562.0
35523,10994952.0
35524,5013885.0
35525,9767029.0
35526,7462494.0
35527,5055592.0
35528,4592520.0
35529,4145527.0
35530,5405674.0
35531,14171569.0
35532,6135262.0
35533,5602264.0
35534,8587733.0
35535,9819305.0
35536,7787498.0
35537,4367700.0
35538,5427123.0
35539,7107920.0
35540,6112915.0
35541,3456816.0
35542,6534463.0
35543,4974780.0
35544,8019940.0
35545,6122906.0
35546,8881690.0
35547,4776094.0
35548,10337267.0
35549,5503260.0
35550,17172618.0
35551,6655620.0
35552,3795312.0
35553,6863402.0
35554,7985916.0
35555,7881738.0
35556,6310642.0
35557,8111810.0
35558,8566773.0
35559,8982595.0
35560,11927421.0
35561,8518776.0
35562,11240874.0
35563,5797011.0
35564,4913344.0
35565,3346857.0
35566,12020085.0
35567,5945040.0
35568,6700276.0
35569,9485677.0
35570,5803642.0
35571,8531826.0
35572,6681326.0
35573,8040052.0
35574,4194293.0
35575,12494790.0
35576,5151571.0
35577,6179662.0
35578,2697207.0
35579,4824904.0
35580,4911952.0
35581,6841930.0
35582,8127292.0
35583,8177135.0
35584,3813431.0
35585,7211477.0
35586,6884044.0
35587,5506481.0
35588,5370822.0
35589,5754208.0
35590,10686494.0
35591,5066962.0
35592,9566293.0
35593,5210544.0
35594,5621762.0
35595,7270433.0
35596,7907573.0
35597,21359114.0
35598,6715800.0
35599,8408423.0
35600,4295608.0
35601,7435724.0
35602,6078468.0
35603,4738560.0
35604,8400358.0
35605,5727044.0
35606,5873738.0
35607,6097448.0
35608,5133836.0
35609,2795569.0
35610,9136993.0
35611,4847218.0
35612,12697512.0
35613,5707040.0
35614,5211742.0
35615,3882762.0
35616,6061071.0
35617,1859806.0
35618,6420551.0
35619,5246843.0
35620,4989442.0
35621,10859601.0
35622,8218930.0
35623,10887640.0
35624,5482154.0
35625,4036383.0
35626,3830823.0
35627,3704850.0
35628,7157640.0
35629,3445038.0
35630,5781340.0
35631,4120549.0
35632,7741534.0
35633,5369880.0
35634,5620600.0
35635,5549856.0
35636,5379405.0
35637,5458184.0
35638,6868558.0
35639,4625459.0
35640,1880334.0
35641,10117820.0
35642,12610658.0
35643,8080826.0
35644,6840849.0
35645,3754646.0
35646,7694656.0
35647,6265014.0
35648,8280358.0
35649,15823525.0
35650,4619990.0
35651,5402764.0
35652,5011628.0
35653,5201026.0
35654,5905838.0
35655,2734558.0
35656,2273950.0
35657,7543276.0
35658,10242580.0
35659,3615929.0
35660,5372430.0
35661,9757874.0
35662,5592698.0
35663,8421114.0
35664,9929318.0
35665,7694137.0
35666,6825822.0
35667,5843062.0
35668,5530938.0
35669,3346737.0
35670,6037357.0
35671,3140882.0
35672,11197167.0
35673,6251048.0
35674,5736145.0
35675,9862897.0
35676,5571688.0
35677,6671522.0
35678,7019866.0
35679,4402696.0
35680,26142588.0
35681,7941848.0
35682,6115068.0
35683,10192729.0
35684,3503043.0
35685,5767830.0
35686,6931451.0
35687,9026745.0
35688,5811648.0
35689,9939269.0
35690,6397199.0
35691,7796557.0
35692,5975123.0
35693,6289385.0
35694,6259290.0
35695,6936963.0
35696,4819376.0
35697,8996251.0
35698,5563590.0
35699,6965941.0
35700,6110586.0
35701,8452493.0
35702,6385788.0
35703,5213039.0
35704,6233590.0
35705,7558961.0
35706,4085248.0
35707,6581936.0
35708,6743236.0
35709,3768555.0
35710,12360206.0
35711,6651312.0
35712,4392186.0
35713,9270237.0
35714,6226496.0
35715,8275000.0
35716,7710586.0
35717,9404812.0
35718,7985742.0
35719,5654744.0
35720,3754646.0
35721,8014252.0
35722,5284722.0
35723,4309821.0
35724,4149481.0
35725,4867950.0
35726,5549802.0
35727,8862825.0
35728,8358716.0
35729,6195116.0
35730,6862920.0
35731,14728828.0
35732,9660751.0
35733,5148922.0
35734,3515585.0
35735,11677167.0
35736,4907355.0
35737,5131578.0
35738,4918157.0
35739,5009038.0
35740,8356006.0
35741,7902212.0
35742,4932234.0
35743,9591742.0
35744,5309062.0
35745,3935038.0
35746,9498415.0
35747,5032194.0
35748,4166814.0
35749,7871934.0
35750,4060612.0
35751,11899485.0
35752,4374936.0
35753,7850078.0
35754,5588848.0
35755,4653085.0
35756,7680952.0
35757,3586070.0
35758,4534956.0
35759,7873671.0
35760,4098316.0
35761,6940866.0
35762,7886670.0
35763,24157668.0
35764,8360212.0
35765,7443107.0
35766,4510602.0
35767,7078132.0
35768,3969213.0
35769,4979451.0
35770,4304086.0
35771,5151798.0
35772,6055566.0
35773,6530436.0
35774,4087911.0
35775,5904792.0
35776,6375202.0
35777,6196544.0
35778,13340987.0
35779,6883452.0
35780,8997706.0
35781,17172618.0
35782,7521094.0
35783,3284955.0
35784,7581292.0
35785,13620812.0
35786,8500663.0
35787,4368506.0
35788,8832566.0
35789,5788107.0
35790,4200480.0
35791,5388784.0
35792,5817381.0
35793,4636736.0
35794,10762496.0
35795,4222646.0
35796,5039234.0
35797,8259064.0
35798,3391803.0
35799,8603942.0
35800,7182944.0
35801,3111169.0
35802,18989938.0
35803,4017180.0
35804,5093547.0
35805,4116776.0
35806,5987699.0
35807,6380520.0
35808,6023111.0
35809,6319818.0
35810,6056647.0
35811,3791360.0
35812,8256903.0
35813,6313100.0
35814,10919657.0
35815,7094282.0
35816,17380940.0
35817,4185068.0
35818,6631528.0
35819,7715013.0
35820,6315522.0
35821,4843618.0
35822,7024292.0
35823,5455010.0
35824,11108212.0
35825,5144290.0
35826,7728552.0
35827,7758674.0
35828,9833316.0
35829,3929112.0
35830,3851332.0
35831,6686066.0
35832,7475838.0
35833,6167317.0
35834,4917850.0
35835,4832292.0
35836,9093526.0
35837,6720836.0
35838,6852380.0
35839,8566397.0
35840,4662774.0
35841,7079840.0
35842,16605991.0
35843,3596016.0
35844,6174472.0
35845,10861233.0
35846,10779770.0
35847,7689365.0
35848,5056984.0
35849,4002653.0
35850,6157406.0
35851,7145076.0
35852,7088866.0
35853,5636458.0
35854,7707064.0
35855,5216623.0
35856,5471332.0
35857,4829841.0
35858,6552327.0
35859,5927668.0
35860,7135072.0
35861,5162552.0
35862,10565399.0
35863,8648503.0
35864,5732818.0
35865,7474041.0
35866,7468088.0
35867,4776650.0
35868,6412776.0
35869,8705621.0
35870,9229596.0
35871,6937717.0
35872,9039381.0
35873,10175872.0
35874,6494693.0
35875,5590618.0
35876,3456816.0
35877,5086575.0
35878,6473700.0
35879,4724986.0
35880,8696235.0
35881,5538152.0
35882,13337145.0
35883,6718850.0
35884,4444207.0
35885,8298151.0
35886,4541341.0
35887,4562602.0
35888,9886128.0
35889,15644954.0
35890,8785219.0
35891,4925502.0
35892,6210878.0
35893,4794040.0
35894,9252819.0
35895,4300700.0
35896,1880334.0
35897,6731249.0
35898,4823081.0
35899,8399643.0
35900,5006678.0
35901,9884148.0
35902,3834270.0
35903,4029159.0
35904,5455634.0
35905,4388714.0
35906,14851109.0
35907,5724070.0
35908,10589464.0
35909,7502145.0
35910,6442212.0
35911,6895064.0
35912,4962018.0
35913,8376046.0
35914,6312327.0
35915,5890142.0
35916,5443956.0
35917,5357082.0
35918,11001427.0
35919,5161632.0
35920,4543597.0
35921,5679574.0
35922,6746163.0
35923,4960406.0
35924,6848368.0
35925,25156688.0
35926,7328655.0
35927,4207626.0
35928,3256868.0
35929,5531069.0
35930,6435710.0
35931,6647336.0
35932,5493223.0
35933,5198972.0
35934,3800964.0
35935,9960750.0
35936,12813632.0
35937,8118826.0
35938,5308001.0
35939,4764045.0
35940,7435588.0
35941,8210528.0
35942,4086676.0
35943,5209358.0
35944,5206736.0
35945,5129920.0
35946,5792704.0
35947,12271308.0
35948,3717789.0
35949,7935938.0
35950,5871394.0
35951,9758163.0
35952,5965996.0
35953,7049860.0
35954,6406614.0
35955,14282415.0
35956,5043920.0
35957,7143302.0
35958,12629779.0
35959,5541780.0
35960,7933602.0
35961,4115131.0
35962,14858340.0
35963,9769417.0
35964,4462362.0
35965,5799942.0
35966,5787805.0
35967,10631153.0
35968,7813150.0
35969,6008367.0
35970,10430466.0
35971,6777634.0
35972,6291650.0
35973,10110924.0
35974,6908056.0
35975,4587070.0
35976,7163111.0
35977,4832123.0
35978,5445168.0
35979,7181891.0
35980,7051808.0
35981,5542624.0
35982,7869726.0
35983,17736736.0
35984,8913998.0
35985,7429367.0
35986,4176889.0
35987,4610330.0
35988,19787252.0
35989,9736401.0
35990,5714564.0
35991,13288396.0
35992,5393660.0
35993,5320668.0
35994,4932468.0
35995,8408347.0
35996,5712481.0
35997,6984108.0
35998,5217398.0
35999,11146454.0
36000,6719992.0
36001,9035750.0
36002,11480474.0
36003,10721160.0
36004,7779366.0
36005,5624122.0
36006,8292386.0
36007,3705190.0
36008,3280992.0
36009,7585259.0
36010,9871225.0
36011,19607542.0
36012,6872522.0
36013,5757673.0
36014,6808476.0
36015,7118370.0
36016,6343249.0
36017,11898323.0
36018,4617211.0
36019,7425992.0
36020,8678982.0
36021,11953553.0
36022,7624428.0
36023,6479798.0
36024,6606084.0
36025,9053895.0
36026,8639098.0
36027,6986822.0
36028,6580640.0
36029,6654432.0
36030,6895228.0
36031,6806902.0
36032,6861280.0
36033,7498185.0
36034,6380924.0
36035,5590429.0
36036,5843886.0
36037,6269157.0
36038,6436664.0
36039,6172993.0
36040,6199207.0
36041,5697760.0
36042,6831196.0
36043,6675156.0
36044,7271362.0
36045,3968286.0
36046,3577847.0
36047,7896448.0
36048,7245348.0
36049,6877502.0
36050,10471159.0
36051,7016921.0
36052,5950486.0
36053,7830132.0
36054,6457819.0
36055,3215249.0
36056,10720758.0
36057,5005296.0
36058,5436986.0
36059,5371709.0
36060,9324559.0
36061,5731400.0
36062,13934607.0
36063,6580876.0
36064,3738940.0
36065,10405482.0
36066,6295726.0
36067,9461470.0
36068,4108182.0
36069,3534906.0
36070,13402016.0
36071,8941728.0
36072,5470763.0
36073,12312529.0
36074,6188472.0
36075,6742150.0
36076,5922108.0
36077,7711809.0
36078,2473573.0
36079,6883611.0
36080,6896174.0
36081,4521627.0
36082,4514429.0
36083,5858715.0
36084,4736068.0
36085,5273185.0
36086,6126986.0
36087,4640152.0
36088,8689381.0
36089,8567987.0
36090,6160760.0
36091,7159084.0
36092,11152340.0
36093,6409314.0
36094,5719400.0
36095,5136452.0
36096,9028976.0
36097,6820484.0
36098,5816736.0
36099,4749020.0
36100,9047871.0
36101,8959187.0
36102,13010760.0
36103,7248374.0
36104,3455444.0
36105,8897506.0
36106,7430537.0
36107,16372066.0
36108,7232275.0
36109,6195318.0
36110,5459598.0
36111,4625248.0
36112,1984955.0
36113,10062303.0
36114,8192428.0
36115,5797594.0
36116,4997890.0
36117,5450230.0
36118,5516128.0
36119,6542890.0
36120,7119413.0
36121,4903436.0
36122,3810321.0
36123,7805938.0
36124,10615234.0
36125,2945478.0
36126,8278462.0
36127,5898476.0
36128,5490094.0
36129,6489867.0
36130,7509688.0
36131,6752919.0
36132,11197666.0
36133,7135916.0
36134,6305030.0
36135,9175320.0
36136,7923628.0
36137,5303916.0
36138,8772651.0
36139,7532986.0
36140,3283380.0
36141,5930021.0
36142,5305112.0
36143,6432854.0
36144,4215177.0
36145,11435181.0
36146,3497942.0
36147,5614998.0
36148,6197241.0
36149,8583356.0
36150,4586977.0
36151,2872608.0
36152,8792376.0
36153,7238608.0
36154,23028204.0
36155,5947867.0
36156,8446286.0
36157,4932616.0
36158,7106356.0
36159,5809208.0
36160,8230366.0
36161,5253170.0
36162,4367700.0
36163,9897390.0
36164,2652156.0
36165,8037692.0
36166,9426653.0
36167,5406371.0
36168,5388977.0
36169,4939360.0
36170,9497769.0
36171,7774224.0
36172,8333968.0
36173,15550885.0
36174,6404406.0
36175,6835474.0
36176,3625632.0
36177,6621008.0
36178,8053681.0
36179,6948920.0
36180,5488396.0
36181,7681425.0
36182,6694608.0
36183,3736909.0
36184,15770381.0
36185,5441126.0
36186,5815360.0
36187,7737491.0
36188,6083964.0
36189,7497204.0
36190,5034592.0
36191,5143438.0
36192,9323438.0
36193,25334718.0
36194,7224496.0
36195,4648079.0
36196,5914217.0
36197,9066078.0
36198,7693908.0
36199,13352980.0
36200,7816211.0
36201,5888252.0
36202,5886361.0
36203,3582427.0
36204,7971346.0
36205,5300898.0
36206,7664438.0
36207,5375155.0
36208,11920923.0
36209,7826312.0
36210,6134850.0
36211,9464248.0
36212,9075352.0
36213,4998200.0
36214,5226948.0
36215,10917682.0
36216,3373923.0
36217,5963206.0
36218,7888171.0
36219,3732278.0
36220,7137360.0
36221,6756415.0
36222,6114036.0
36223,5759785.0
36224,6809826.0
36225,2858913.0
36226,4171174.0
36227,5923167.0
36228,3302478.0
36229,7665012.0
36230,4796874.0
36231,3916611.0
36232,7205640.0
36233,12567248.0
36234,9128923.0
36235,5937619.0
36236,25532346.0
36237,6295302.0
36238,5647084.0
36239,5440532.0
36240,6120681.0
36241,6284996.0
36242,12788066.0
36243,6426922.0
36244,7821340.0
36245,3534284.0
36246,9063799.0
36247,11079835.0
36248,4248876.0
36249,8050591.0
36250,8514566.0
36251,4366352.0
36252,6293256.0
36253,7619328.0
36254,5424322.0
36255,4907505.0
36256,5539468.0
36257,5217478.0
36258,6575164.0
36259,5335070.0
36260,5478311.0
36261,4272232.0
36262,6346394.0
36263,5947510.0
36264,5700486.0
36265,5038952.0
36266,7689072.0
36267,6444886.0
36268,15064488.0
36269,8550848.0
36270,6131464.0
36271,9536575.0
36272,3205178.0
36273,7159084.0
36274,5631172.0
36275,10154050.0
36276,5610788.0
36277,6362107.0
36278,4608764.0
36279,6209608.0
36280,6858775.0
36281,6644356.0
36282,3534435.0
36283,6031514.0
36284,17360048.0
36285,5795211.0
36286,4973148.0
36287,7729144.0
36288,5273932.0
36289,8528159.0
36290,14587613.0
36291,5984488.0
36292,6292132.0
36293,8725025.0
36294,16803262.0
36295,4553551.0
36296,6660276.0
36297,6876126.0
36298,10687155.0
36299,6142390.0
36300,4210878.0
36301,5900078.0
36302,7993680.0
36303,10117925.0
36304,8735315.0
36305,6518246.0
36306,9264196.0
36307,6191880.0
36308,6977074.0
36309,11099967.0
36310,3617031.0
36311,5666391.0
36312,6967394.0
36313,6972611.0
36314,5978376.0
36315,6721472.0
36316,4868386.0
36317,5107993.0
36318,3574148.0
36319,7292258.0
36320,5212165.0
36321,5950868.0
36322,6428398.0
36323,4729872.0
36324,13797198.0
36325,7700086.0
36326,5099038.0
36327,5695161.0
36328,10333262.0
36329,4849248.0
36330,6680862.0
36331,6671490.0
36332,7260520.0
36333,6211896.0
36334,6724832.0
36335,5992726.0
36336,7879194.0
36337,13866774.0
36338,6224374.0
36339,5765291.0
36340,6334570.0
36341,2188942.0
36342,13950294.0
36343,5976461.0
36344,5828533.0
36345,12359817.0
36346,4414402.0
36347,5942840.0
36348,5689234.0
36349,8126904.0
36350,36704484.0
36351,4586458.0
36352,4452617.0
36353,6760131.0
36354,4631032.0
36355,7248456.0
36356,6205536.0
36357,7873978.0
36358,8530509.0
36359,7537937.0
36360,5910888.0
36361,6055430.0
36362,8647355.0
36363,6227092.0
36364,5214080.0
36365,5588848.0
36366,6936963.0
36367,9291114.0
36368,9327919.0
36369,7947322.0
36370,4353160.0
36371,7357042.0
36372,12531097.0
36373,10463857.0
36374,4797060.0
36375,5883632.0
36376,5724997.0
36377,7750664.0
36378,13494815.0
36379,7113420.0
36380,10594685.0
36381,5650592.0
36382,9670183.0
36383,7223944.0
36384,6140132.0
36385,9353995.0
36386,5947996.0
36387,6099268.0
36388,6468372.0
36389,8582453.0
36390,6031668.0
36391,4663804.0
36392,3460255.0
36393,24099320.0
36394,3996078.0
36395,8475483.0
36396,9933716.0
36397,4221152.0
36398,5884340.0
36399,11116108.0
36400,6763606.0
36401,4291911.0
36402,11494744.0
36403,6302148.0
36404,8750996.0
36405,5980730.0
36406,13033538.0
36407,6568724.0
36408,7097252.0
36409,6334621.0
36410,7568672.0
36411,4570760.0
36412,6208466.0
36413,6308832.0
36414,5100340.0
36415,6093730.0
36416,6289760.0
36417,8258110.0
36418,4805053.0
36419,4316474.0
36420,5754765.0
36421,5304537.0
36422,8086909.0
36423,7932246.0
36424,6200372.0
36425,3740355.0
36426,5074818.0
36427,3935328.0
36428,13477644.0
36429,6352631.0
36430,8719166.0
36431,3762798.0
36432,7891088.0
36433,8093312.0
36434,6198680.0
36435,6747866.0
36436,2523838.0
36437,7258070.0
36438,26446782.0
36439,3699224.0
36440,5767892.0
36441,6273177.0
36442,10425900.0
36443,8810503.0
36444,5147222.0
36445,10045789.0
36446,7345714.0
36447,5375708.0
36448,11393560.0
36449,23732270.0
36450,5380284.0
36451,11481375.0
36452,4438222.0
36453,9553391.0
36454,3521325.0
36455,4598607.0
36456,4921147.0
36457,6368184.0
36458,29240756.0
36459,9522586.0
36460,12751293.0
36461,4380332.0
36462,5436302.0
36463,4985108.0
36464,10253581.0
36465,7341526.0
36466,5859187.0
36467,4323357.0
36468,6804954.0
36469,7517810.0
36470,9222490.0
36471,12235600.0
36472,7637255.0
36473,5437571.0
36474,5133604.0
36475,4567296.0
36476,5485002.0
36477,6523294.0
36478,8295664.0
36479,5654684.0
36480,7568370.0
36481,8144184.0
36482,6033928.0
36483,6412302.0
36484,7740706.0
36485,15454251.0
36486,6892670.0
36487,10179618.0
36488,5835338.0
36489,6962017.0
36490,7005656.0
36491,11275765.0
36492,6677792.0
36493,5521368.0
36494,8346819.0
36495,4928318.0
36496,5803988.0
36497,5338800.0
36498,7866761.0
36499,8887222.0
36500,4804401.0
36501,6583584.0
36502,7780809.0
36503,6175820.0
36504,6062089.0
36505,7094994.0
36506,12421667.0
36507,11538642.0
36508,6987344.0
36509,6950076.0
36510,12215984.0
36511,5378990.0
36512,5072606.0
36513,16313951.0
36514,7652468.0
36515,10068318.0
36516,3725130.0
36517,5289362.0
36518,7002415.0
36519,5638070.0
36520,9913959.0
36521,5381187.0
36522,5597354.0
36523,5023951.0
36524,6242688.0
36525,4803286.0
36526,4895217.0
36527,6782812.0
36528,4745342.0
36529,6593330.0
36530,21525898.0
36531,5636296.0
36532,5624956.0
36533,7002499.0
36534,12299736.0
36535,37133384.0
36536,4231160.0
36537,3926075.0
36538,11925324.0
36539,6490822.0
36540,5910419.0
36541,5372178.0
36542,5338668.0
36543,6479798.0
36544,6825822.0
36545,6019602.0
36546,4984282.0
36547,9901519.0
36548,9111317.0
36549,5869068.0
36550,6773668.0
36551,5488798.0
36552,4812616.0
36553,5932652.0
36554,10843999.0
36555,5533496.0
36556,5102818.0
36557,6931623.0
36558,3813431.0
36559,5052338.0
36560,7878729.0
36561,4545482.0
36562,6740946.0
36563,8000728.0
36564,6648296.0
36565,8759536.0
36566,1773410.0
36567,5940930.0
36568,10494507.0
36569,5450830.0
36570,5881342.0
36571,13694308.0
36572,5236492.0
36573,5163066.0
36574,4323976.0
36575,9794929.0
36576,6638472.0
36577,5861224.0
36578,8500390.0
36579,4186127.0
36580,8554735.0
36581,5001690.0
36582,4270984.0
36583,5579293.0
36584,5819904.0
36585,6969393.0
36586,6371587.0
36587,10830121.0
36588,12406813.0
36589,6552368.0
36590,6370126.0
36591,4823958.0
36592,6149786.0
36593,5874044.0
36594,6696180.0
36595,6798744.0
36596,5631763.0
36597,3056284.0
36598,4165408.0
36599,5240926.0
36600,5358938.0
36601,4934101.0
36602,6833881.0
36603,5147402.0
36604,11624843.0
36605,11224426.0
36606,5909298.0
36607,6272518.0
36608,3754646.0
36609,10535277.0
36610,5898596.0
36611,7430133.0
36612,6741023.0
36613,8351112.0
36614,7046282.0
36615,12575986.0
36616,5420540.0
36617,6109532.0
36618,4314801.0
36619,7877956.0
36620,4326994.0
36621,5627984.0
36622,15195815.0
36623,8272266.0
36624,6886856.0
36625,12030241.0
36626,6503916.0
36627,5434303.0
36628,6110646.0
36629,8466114.0
36630,4416655.0
36631,5249678.0
36632,7282547.0
36633,6377488.0
36634,14210250.0
36635,13282511.0
36636,11089097.0
36637,11153992.0
36638,5320372.0
36639,5390150.0
36640,2354968.0
36641,7059104.0
36642,8295443.0
36643,5391789.0
36644,6688552.0
36645,9157191.0
36646,5990439.0
36647,7466352.0
36648,8460544.0
36649,7071814.0
36650,4824248.0
36651,7248904.0
36652,8705044.0
36653,7192710.0
36654,13445513.0
36655,8743029.0
36656,12209318.0
36657,5691431.0
36658,3614252.0
36659,3966346.0
36660,6702352.0
36661,8418659.0
36662,6360216.0
36663,13698297.0
36664,5974196.0
36665,4928456.0
36666,5127953.0
36667,4744988.0
36668,4033808.0
36669,12156238.0
36670,6064050.0
36671,13188798.0
36672,5609391.0
36673,5455757.0
36674,11048374.0
36675,6736984.0
36676,8880074.0
36677,13735919.0
36678,4833592.0
36679,8526082.0
36680,7496840.0
36681,6108123.0
36682,12106716.0
36683,6860722.0
36684,7217514.0
36685,7029978.0
36686,9166778.0
36687,12998577.0
36688,7343426.0
36689,7885466.0
36690,3829586.0
36691,8137744.0
36692,12084811.0
36693,4752384.0
36694,6966442.0
36695,8322659.0
36696,9199789.0
36697,7971122.0
36698,9705863.0
36699,6518486.0
36700,4292934.0
36701,6143402.0
36702,6151610.0
36703,6501809.0
36704,5169690.0
36705,7686138.0
36706,7819096.0
36707,3772724.0
36708,7377233.0
36709,7260520.0
36710,8244784.0
36711,5006914.0
36712,5242196.0
36713,5859208.0
36714,5839533.0
36715,8439901.0
36716,7116836.0
36717,8287978.0
36718,3895318.0
36719,17037830.0
36720,7455274.0
36721,5672074.0
36722,6868810.0
36723,3824278.0
36724,12508074.0
36725,6442376.0
36726,6119942.0
36727,10717706.0
36728,6104348.0
36729,3760858.0
36730,6697120.0
36731,5354727.0
36732,6625852.0
36733,7633691.0
36734,9760477.0
36735,9110398.0
36736,7378286.0
36737,7045416.0
36738,9132823.0
36739,5997288.0
36740,4017370.0
36741,5831380.0
36742,12706765.0
36743,6279940.0
36744,7057620.0
36745,4833630.0
36746,6660320.0
36747,10896021.0
36748,7852167.0
36749,7369812.0
36750,12867905.0
36751,5904623.0
36752,8039070.0
36753,3951328.0
36754,9700159.0
36755,7179470.0
36756,6385264.0
36757,11149723.0
36758,5723354.0
36759,5145696.0
36760,5097370.0
36761,9230031.0
36762,8155542.0
36763,3190943.0
36764,7401050.0
36765,6529090.0
36766,15631706.0
36767,7653463.0
36768,11402590.0
36769,5695648.0
36770,30410792.0
36771,6396003.0
36772,9262583.0
36773,8688050.0
36774,4363498.0
36775,7794812.0
36776,12036662.0
36777,7651070.0
36778,10858001.0
36779,5565603.0
36780,6024060.0
36781,4884604.0
36782,6755171.0
36783,4733668.0
36784,5624486.0
36785,5940630.0
36786,6150552.0
36787,5930868.0
36788,5320881.0
36789,6088506.0
36790,6436466.0
36791,5812139.0
36792,12226609.0
36793,4121444.0
36794,3605132.0
36795,7243792.0
36796,8599819.0
36797,9368299.0
36798,5863342.0
36799,5886361.0
36800,10284225.0
36801,6278467.0
36802,5675332.0
36803,10358323.0
36804,5246160.0
36805,4924832.0
36806,7089900.0
36807,7831766.0
36808,4221412.0
36809,17939622.0
36810,4984646.0
36811,5239575.0
36812,3284955.0
36813,5377165.0
36814,8295441.0
36815,19305472.0
36816,6045384.0
36817,4329584.0
36818,6742326.0
36819,5759326.0
36820,4681973.0
36821,5565826.0
36822,10866806.0
36823,6761180.0
36824,2049444.0
36825,14024112.0
36826,5365068.0
36827,5222134.0
36828,7490597.0
36829,4879170.0
36830,8375828.0
36831,10957645.0
36832,7241919.0
36833,9565051.0
36834,5834958.0
36835,3493072.0
36836,4764074.0
36837,6536807.0
36838,7191848.0
36839,12952071.0
36840,5300094.0
36841,9870655.0
36842,7926660.0
36843,6384794.0
36844,5712946.0
36845,7614692.0
36846,10097988.0
36847,5329398.0
36848,7368786.0
36849,7016021.0
36850,6009905.0
36851,5815092.0
36852,5294414.0
36853,5739553.0
36854,11765469.0
36855,7585403.0
36856,4326130.0
36857,6901524.0
36858,4949122.0
36859,3987146.0
36860,9270946.0
36861,4702193.0
36862,7240358.0
36863,4875734.0
36864,12575796.0
36865,5466386.0
36866,8602866.0
36867,5701354.0
36868,5999340.0
36869,2823132.0
36870,6497432.0
36871,7102340.0
36872,8236390.0
36873,10608614.0
36874,10772008.0
36875,6298362.0
36876,3863293.0
36877,7661712.0
36878,14212569.0
36879,7438794.0
36880,3639268.0
36881,13583507.0
36882,9701824.0
36883,4036842.0
36884,6824788.0
36885,3763719.0
36886,7567748.0
36887,9185553.0
36888,6541594.0
36889,4901052.0
36890,9589894.0
36891,5505472.0
36892,5281797.0
36893,4856588.0
36894,4048462.0
36895,9955543.0
36896,6040647.0
36897,5452677.0
36898,9612771.0
36899,10450432.0
36900,5985734.0
36901,4265858.0
36902,5894190.0
36903,14860932.0
36904,6308582.0
36905,5287079.0
36906,4881944.0
36907,7693130.0
36908,10275566.0
36909,10957579.0
36910,5741459.0
36911,6557263.0
36912,13001098.0
36913,9555347.0
36914,6785650.0
36915,5502704.0
36916,25554688.0
36917,5719648.0
36918,8883427.0
36919,5375284.0
36920,5096232.0
36921,6200930.0
36922,5431585.0
36923,7413480.0
36924,6707115.0
36925,7090957.0
36926,6005438.0
36927,12994635.0
36928,4632474.0
36929,4660534.0
36930,8152188.0
36931,7712414.0
36932,7404255.0
36933,8835449.0
36934,10849553.0
36935,7936578.0
36936,5079522.0
36937,8654590.0
36938,7074548.0
36939,6247407.0
36940,7970432.0
36941,4528852.0
36942,5842150.0
36943,5153268.0
36944,6408802.0
36945,10447720.0
36946,6809993.0
36947,4915530.0
36948,6864322.0
36949,13354789.0
36950,4744644.0
36951,14286843.0
36952,9241672.0
36953,17376038.0
36954,3747052.0
36955,4636086.0
36956,7219328.0
36957,6254460.0
36958,6544782.0
36959,7397357.0
36960,8194425.0
36961,5892715.0
36962,6773200.0
36963,5694655.0
36964,15478369.0
36965,5960546.0
36966,6585678.0
36967,6027997.0
36968,5885561.0
36969,6079122.0
36970,6001165.0
36971,15766439.0
36972,5034136.0
36973,9004852.0
36974,8292747.0
36975,5954486.0
36976,13406368.0
36977,5378396.0
36978,7229608.0
36979,3279308.0
36980,5814748.0
36981,3898976.0
36982,5106212.0
36983,6080430.0
36984,5310752.0
36985,5916048.0
36986,3519641.0
36987,8899197.0
36988,7910836.0
36989,4320432.0
36990,7017608.0
36991,6819269.0
36992,8645672.0
36993,4728510.0
36994,6533370.0
36995,6643722.0
36996,8694437.0
36997,8625557.0
36998,12065411.0
36999,5750718.0
37000,7478410.0
37001,8225424.0
37002,5010220.0
37003,7226946.0
37004,10804725.0
37005,5503572.0
37006,11263662.0
37007,6089884.0
37008,7139612.0
37009,6002112.0
37010,5594929.0
37011,6705974.0
37012,5966884.0
37013,6562070.0
37014,9295625.0
37015,7757520.0
37016,9410556.0
37017,11675925.0
37018,6098493.0
37019,5034526.0
37020,3244425.0
37021,12310953.0
37022,5066424.0
37023,5147148.0
37024,10948133.0
37025,6233675.0
37026,5720224.0
37027,5712959.0
37028,3292527.0
37029,10974964.0
37030,7310448.0
37031,5431493.0
37032,12472537.0
37033,46749180.0
37034,13471609.0
37035,12651176.0
37036,13234049.0
37037,9019734.0
37038,3760364.0
37039,6585836.0
37040,8642334.0
37041,7348306.0
37042,4061391.0
37043,6655620.0
37044,9791752.0
37045,5025810.0
37046,5222062.0
37047,12136846.0
37048,5232864.0
37049,4001404.0
37050,6458364.0
37051,9792957.0
37052,5647168.0
37053,9436559.0
37054,8578956.0
37055,5578216.0
37056,4301089.0
37057,4920726.0
37058,4946374.0
37059,8788220.0
37060,5446379.0
37061,4133468.0
37062,7046752.0
37063,10831576.0
37064,13028026.0
37065,6831536.0
37066,5086557.0
37067,5588125.0
37068,10043404.0
37069,6122042.0
37070,5724646.0
37071,8818150.0
37072,6847568.0
37073,5170214.0
37074,8084940.0
37075,4943168.0
37076,30278000.0
37077,5210254.0
37078,5216812.0
37079,5805694.0
37080,4158724.0
37081,4323357.0
37082,6189133.0
37083,3551234.0
37084,6228126.0
37085,4818500.0
37086,5245987.0
37087,6082474.0
37088,8470666.0
37089,11144315.0
37090,6457186.0
37091,8713946.0
37092,6647440.0
37093,4755384.0
37094,7471288.0
37095,5174370.0
37096,3883796.0
37097,8056054.0
37098,8724431.0
37099,6595872.0
37100,6894358.0
37101,7094797.0
37102,6024702.0
37103,5530660.0
37104,7447938.0
37105,8616024.0
37106,5626763.0
37107,5596756.0
37108,6990909.0
37109,7220764.0
37110,6982067.0
37111,5291633.0
37112,7580056.0
37113,5471544.0
37114,7286130.0
37115,10947464.0
37116,6230731.0
37117,6515994.0
37118,4339000.0
37119,12419047.0
37120,5179176.0
37121,6828524.0
37122,6874665.0
37123,6921658.0
37124,5230349.0
37125,9377433.0
37126,9856674.0
37127,5894632.0
37128,8968602.0
37129,6201034.0
37130,3545330.0
37131,11135944.0
37132,6027066.0
37133,5713154.0
37134,16155917.0
37135,3560832.0
37136,6866580.0
37137,7275921.0
37138,5316524.0
37139,4814612.0
37140,5146974.0
37141,6329843.0
37142,5754470.0
37143,16055505.0
37144,9850583.0
37145,3535444.0
37146,6080848.0
37147,4654128.0
37148,7954640.0
37149,7123851.0
37150,10230765.0
37151,10817188.0
37152,17055266.0
37153,6098524.0
37154,8395194.0
37155,10352889.0
37156,9798543.0
37157,8732040.0
37158,3658534.0
37159,5911974.0
37160,9850175.0
37161,7612681.0
37162,6787958.0
37163,5196608.0
37164,7787666.0
37165,8148082.0
37166,4569079.0
37167,5638438.0
37168,6303458.0
37169,9787081.0
37170,7317423.0
37171,7965152.0
37172,6080550.0
37173,3925534.0
37174,7568184.0
37175,12753095.0
37176,6616694.0
37177,5867106.0
37178,8565272.0
37179,5315588.0
37180,4573478.0
37181,6425106.0
37182,6587232.0
37183,6035220.0
37184,7045564.0
37185,4786576.0
37186,6676217.0
37187,5391598.0
37188,5479468.0
37189,5200420.0
37190,6338178.0
37191,6429244.0
37192,11119989.0
37193,10714895.0
37194,4128582.0
37195,8237789.0
37196,6828712.0
37197,5619347.0
37198,39654600.0
37199,6774786.0
37200,3584810.0
37201,8785219.0
37202,17161416.0
37203,6760464.0
37204,6016450.0
37205,6508914.0
37206,10004560.0
37207,6316153.0
37208,7847402.0
37209,4220969.0
37210,7658754.0
37211,7072720.0
37212,9474288.0
37213,8933730.0
37214,9761568.0
37215,8848604.0
37216,8752558.0
37217,10093864.0
37218,5495142.0
37219,8656020.0
37220,7554575.0
37221,3457588.0
37222,12138828.0
37223,4136552.0
37224,4684473.0
37225,5118638.0
37226,11412936.0
37227,17031600.0
37228,5538884.0
37229,4011576.0
37230,5152469.0
37231,7072020.0
37232,14793432.0
37233,4814163.0
37234,5670655.0
37235,14957083.0
37236,6733982.0
37237,7535032.0
37238,6972916.0
37239,7841743.0
37240,6277406.0
37241,5306975.0
37242,8118381.0
37243,5808821.0
37244,5883738.0
37245,5030784.0
37246,3958752.0
37247,7709022.0
37248,7138732.0
37249,4456602.0
37250,6969062.0
37251,6204541.0
37252,5010070.0
37253,3999307.0
37254,5968769.0
37255,8565583.0
37256,6388044.0
37257,6953864.0
37258,5952730.0
37259,11060276.0
37260,11986983.0
37261,4932743.0
37262,6617824.0
37263,6375317.0
37264,5917466.0
37265,5361620.0
37266,16302730.0
37267,5984934.0
37268,6443048.0
37269,5679452.0
37270,6180579.0
37271,7309168.0
37272,5640823.0
37273,4286575.0
37274,4321322.0
37275,8109202.0
37276,9126784.0
37277,6461605.0
37278,6194178.0
37279,7746326.0
37280,7257418.0
37281,4799256.0
37282,8489410.0
37283,4668968.0
37284,6743712.0
37285,4329608.0
37286,4749363.0
37287,9956628.0
37288,5475081.0
37289,5755399.0
37290,4374967.0
37291,4714708.0
37292,9550492.0
37293,4186194.0
37294,11444499.0
37295,5829196.0
37296,7018921.0
37297,4739811.0
37298,6012414.0
37299,5484468.0
37300,6755938.0
37301,4530148.0
37302,7289525.0
37303,9470172.0
37304,4532096.0
37305,5941487.0
37306,3541434.0
37307,5254780.0
37308,7069370.0
37309,6466934.0
37310,6127795.0
37311,6371004.0
37312,3244782.0
37313,7874626.0
37314,10675495.0
37315,7187984.0
37316,6297456.0
37317,6864552.0
37318,5116798.0
37319,5662014.0
37320,8607418.0
37321,6962782.0
37322,8911768.0
37323,12638415.0
37324,5108538.0
37325,7740724.0
37326,5869080.0
37327,7633648.0
37328,5614686.0
37329,4765066.0
37330,6066396.0
37331,4025835.0
37332,13273879.0
37333,5384521.0
37334,5131952.0
37335,6033951.0
37336,9489390.0
37337,5845684.0
37338,5131952.0
37339,6206986.0
37340,8002042.0
37341,4716534.0
37342,5566210.0
37343,4762576.0
37344,9441422.0
37345,5396624.0
37346,3562721.0
37347,8015115.0
37348,4920771.0
37349,8421617.0
37350,11854676.0
37351,6228242.0
37352,4142080.0
37353,5288388.0
37354,5815778.0
37355,8127758.0
37356,6409322.0
37357,6025533.0
37358,6984020.0
37359,4560102.0
37360,6229952.0
37361,5599456.0
37362,11469217.0
37363,6568434.0
37364,4174214.0
37365,4506456.0
37366,7564645.0
37367,7947274.0
37368,4944764.0
37369,5967456.0
37370,11917685.0
37371,4219614.0
37372,7481238.0
37373,9848597.0
37374,5097342.0
37375,3979009.0
37376,17778196.0
37377,6694210.0
37378,5388400.0
37379,8278106.0
37380,7569906.0
37381,5654053.0
37382,7728540.0
37383,7285881.0
37384,4136518.0
37385,7193440.0
37386,11831649.0
37387,5614352.0
37388,6766486.0
37389,4780792.0
37390,5468538.0
37391,7577752.0
37392,9170784.0
37393,7208106.0
37394,5480622.0
37395,7019117.0
37396,5580748.0
37397,3281547.0
37398,5991994.0
37399,11853840.0
37400,4726295.0
37401,6617889.0
37402,9620218.0
37403,7626576.0
37404,5721143.0
37405,5544448.0
37406,5016089.0
37407,3372178.0
37408,4793648.0
37409,10915875.0
37410,5908002.0
37411,5436769.0
37412,1902187.0
37413,4853990.0
37414,4722380.0
37415,13003535.0
37416,4178550.0
37417,4093569.0
37418,6442128.0
37419,5324407.0
37420,9768483.0
37421,10933128.0
37422,6853668.0
37423,6977610.0
37424,11813444.0
37425,7706484.0
37426,4917564.0
37427,5432745.0
37428,7877158.0
37429,13084466.0
37430,4953142.0
37431,4128191.0
37432,7389707.0
37433,9820204.0
37434,5388824.0
37435,5567273.0
37436,6922260.0
37437,7701680.0
37438,5881402.0
37439,9832484.0
37440,7556154.0
37441,8416491.0
37442,8042652.0
37443,4171718.0
37444,4478320.0
37445,4000914.0
37446,7855731.0
37447,6412828.0
37448,12580754.0
37449,7684790.0
37450,10934014.0
37451,13551269.0
37452,5972068.0
37453,8777399.0
37454,4181179.0
37455,7313659.0
37456,7197470.0
37457,4040152.0
37458,6802438.0
37459,12685923.0
37460,19025398.0
37461,6005208.0
37462,5839494.0
37463,3923159.0
37464,15565047.0
37465,7205350.0
37466,5337177.0
37467,10377430.0
37468,4869194.0
37469,9631340.0
37470,4657906.0
37471,6774978.0
37472,5213462.0
37473,6411366.0
37474,6599716.0
37475,13137508.0
37476,7170716.0
37477,5326117.0
37478,4093543.0
37479,4441620.0
37480,8091652.0
37481,12824405.0
37482,6020524.0
37483,8212000.0
37484,23804506.0
37485,5796212.0
37486,5692258.0
37487,4646806.0
37488,6194076.0
37489,7335893.0
37490,16568949.0
37491,5233503.0
37492,5473756.0
37493,5291146.0
37494,5381803.0
37495,11044832.0
37496,3721966.0
37497,7096650.0
37498,4668548.0
37499,7630352.0
37500,4221077.0
37501,3836098.0
37502,4694536.0
37503,9229820.0
37504,7023460.0
37505,3286084.0
37506,6259390.0
37507,8718643.0
37508,15895917.0
37509,12383627.0
37510,4813580.0
37511,5874296.0
37512,5150860.0
37513,6354804.0
37514,7696167.0
37515,5492372.0
37516,4342422.0
37517,4903569.0
37518,6214124.0
37519,4513514.0
37520,4295895.0
37521,7693272.0
37522,9992557.0
37523,3969963.0
37524,4308508.0
37525,6906228.0
37526,13480440.0
37527,5625323.0
37528,4643024.0
37529,4095557.0
37530,10331100.0
37531,8692121.0
37532,14804690.0
37533,7773770.0
37534,5946174.0
37535,6782764.0
37536,15409853.0
37537,11286834.0
37538,6003904.0
37539,10031478.0
37540,3992730.0
37541,5196548.0
37542,7556631.0
37543,7353940.0
37544,10227401.0
37545,5279260.0
37546,6438132.0
37547,5797711.0
37548,5846137.0
37549,4558989.0
37550,6896196.0
37551,4457751.0
37552,7779384.0
37553,13100233.0
37554,24240714.0
37555,11771019.0
37556,6687391.0
37557,6633056.0
37558,5205569.0
37559,3265610.0
37560,4680460.0
37561,6899218.0
37562,6504964.0
37563,8138788.0
37564,6700808.0
37565,8452646.0
37566,20830960.0
37567,19192160.0
37568,4466734.0
37569,11293789.0
37570,5895442.0
37571,11969757.0
37572,6388926.0
37573,4792856.0
37574,13232693.0
37575,5461604.0
37576,11821543.0
37577,12109043.0
37578,11778701.0
37579,9469764.0
37580,6102476.0
37581,6877422.0
37582,8394743.0
37583,8214620.0
37584,7107258.0
37585,6278988.0
37586,8956675.0
37587,7012194.0
37588,4110041.0
37589,6947682.0
37590,5361002.0
37591,13193928.0
37592,5184966.0
37593,3951813.0
37594,6128992.0
37595,7715602.0
37596,8110499.0
37597,5844357.0
37598,5192124.0
37599,17059598.0
37600,5767930.0
37601,5498034.0
37602,7974054.0
37603,12004813.0
37604,19694974.0
37605,10499546.0
37606,11982313.0
37607,6843800.0
37608,9865526.0
37609,5465956.0
37610,3989016.0
37611,6846544.0
37612,7278478.0
37613,5422465.0
37614,5479751.0
37615,6480238.0
37616,5322433.0
37617,5621756.0
37618,12881431.0
37619,4496761.0
37620,7489264.0
37621,9590855.0
37622,9598050.0
37623,6260686.0
37624,4971478.0
37625,11965815.0
37626,10718471.0
37627,4841809.0
37628,5603619.0
37629,9403996.0
37630,5184397.0
37631,7097214.0
37632,6320640.0
37633,4880893.0
37634,9389124.0
37635,12836320.0
37636,10788771.0
37637,6500445.0
37638,5627776.0
37639,6245262.0
37640,4104251.0
37641,10640184.0
37642,9644879.0
37643,7590418.0
37644,6935109.0
37645,10328967.0
37646,8365974.0
37647,7962474.0
37648,9124353.0
37649,9645784.0
37650,7090243.0
37651,6786700.0
37652,6401894.0
37653,5850432.0
37654,7023439.0
37655,6970086.0
37656,4892372.0
37657,6684652.0
37658,5991049.0
37659,5905360.0
37660,4940874.0
37661,7256206.0
37662,4258097.0
37663,8223324.0
37664,5647384.0
37665,22318164.0
37666,6134248.0
37667,7585908.0
37668,4513870.0
37669,7968196.0
37670,8718097.0
37671,7765470.0
37672,8378774.0
37673,5138120.0
37674,4620802.0
37675,6366940.0
37676,5388418.0
37677,4314630.0
37678,6967123.0
37679,7554103.0
37680,7712924.0
37681,19446872.0
37682,7649468.0
37683,3793439.0
37684,12255446.0
37685,6006108.0
37686,12737301.0
37687,6941947.0
37688,5363160.0
37689,5124072.0
37690,5481526.0
37691,4315825.0
37692,6567033.0
37693,6066304.0
37694,7570110.0
37695,10811507.0
37696,4167460.0
37697,11643127.0
37698,5818069.0
37699,9683691.0
37700,4165412.0
37701,5603332.0
37702,4832648.0
37703,6262844.0
37704,10067882.0
37705,6381910.0
37706,4259740.0
37707,8237192.0
37708,5369148.0
37709,7884156.0
37710,12260833.0
37711,8149302.0
37712,7449630.0
37713,4384544.0
37714,5762036.0
37715,6317880.0
37716,7655210.0
37717,10520005.0
37718,5707964.0
37719,6382296.0
37720,13769977.0
37721,8344396.0
37722,5217210.0
37723,11984667.0
37724,8998470.0
37725,4605266.0
37726,4605430.0
37727,11158243.0
37728,5073373.0
37729,20229454.0
37730,16459552.0
37731,6082060.0
37732,5701686.0
37733,14571521.0
37734,6177192.0
37735,4821208.0
37736,5567800.0
37737,4294532.0
37738,6143283.0
37739,6800928.0
37740,6982731.0
37741,8993136.0
37742,5610588.0
37743,5794742.0
37744,7594477.0
37745,5636389.0
37746,11651207.0
37747,6601570.0
37748,4309856.0
37749,5986072.0
37750,5857766.0
37751,6688188.0
37752,7401908.0
37753,27154502.0
37754,6281202.0
37755,3930944.0
37756,8137723.0
37757,7838822.0
37758,5736230.0
37759,8027186.0
37760,7054824.0
37761,4087004.0
37762,5907940.0
37763,13543634.0
37764,13737699.0
37765,3922166.0
37766,7423140.0
37767,6055750.0
37768,10762559.0
37769,10716514.0
37770,6245562.0
37771,7198171.0
37772,8101414.0
37773,7873484.0
37774,8697841.0
37775,3966093.0
37776,7911140.0
37777,6922890.0
37778,7027548.0
37779,5276901.0
37780,6106614.0
37781,3613276.0
37782,7141449.0
37783,5755641.0
37784,11056716.0
37785,6592994.0
37786,6971698.0
37787,6558548.0
37788,3449336.0
37789,9562268.0
37790,3844802.0
37791,3740468.0
37792,3357304.0
37793,8237910.0
37794,9442149.0
37795,12973808.0
37796,6318096.0
37797,5913319.0
37798,8382706.0
37799,5171096.0
37800,5106244.0
37801,5075801.0
37802,4863600.0
37803,8504520.0
37804,9320450.0
37805,7191894.0
37806,12258699.0
37807,4638279.0
37808,11284951.0
37809,5389956.0
37810,6260589.0
37811,7318284.0
37812,5585331.0
37813,6306574.0
37814,11458811.0
37815,14896205.0
37816,5179862.0
37817,5884814.0
37818,9926170.0
37819,8151644.0
37820,4232841.0
37821,2844124.0
37822,7489546.0
37823,13727996.0
37824,5082091.0
37825,18963346.0
37826,4949228.0
37827,10081881.0
37828,5246086.0
37829,21011602.0
37830,3716303.0
37831,7275041.0
37832,7210926.0
37833,4413683.0
37834,6610989.0
37835,9091665.0
37836,4892592.0
37837,7450617.0
37838,7397231.0
37839,7795866.0
37840,6426674.0
37841,5812212.0
37842,7360652.0
37843,5430386.0
37844,4876050.0
37845,6980658.0
37846,5683074.0
37847,5146408.0
37848,6679052.0
37849,5933925.0
37850,10126088.0
37851,7096124.0
37852,7563867.0
37853,6806846.0
37854,6049574.0
37855,5446673.0
37856,8305716.0
37857,4244916.0
37858,6922318.0
37859,5991130.0
37860,5341171.0
37861,6532090.0
37862,6567610.0
37863,8249378.0
37864,5251308.0
37865,9812260.0
37866,9176797.0
37867,3767535.0
37868,9096166.0
37869,18405780.0
37870,4892236.0
37871,9473191.0
37872,7613595.0
37873,5308348.0
37874,12983246.0
37875,6997854.0
37876,11627314.0
37877,4822278.0
37878,5177664.0
37879,8421815.0
37880,4765488.0
37881,12254200.0
37882,4524230.0
37883,8093104.0
37884,5877848.0
37885,5378470.0
37886,4482170.0
37887,3180767.0
37888,8619599.0
37889,6579767.0
37890,5716201.0
37891,7354803.0
37892,10575131.0
37893,9783786.0
37894,3727946.0
37895,7859822.0
37896,8067628.0
37897,5554342.0
37898,11320177.0
37899,7807068.0
37900,5503494.0
37901,6224758.0
37902,5595008.0
37903,7194440.0
37904,5421934.0
37905,5692452.0
37906,8518192.0
37907,11292065.0
37908,7596154.0
37909,6198358.0
37910,9228816.0
37911,4591779.0
37912,7222316.0
37913,6417217.0
37914,8274368.0
37915,8335148.0
37916,14425534.0
37917,8790052.0
37918,5274216.0
37919,6377292.0
37920,5241650.0
37921,6576623.0
37922,4526375.0
37923,7050328.0
37924,4253868.0
37925,3912722.0
37926,6415302.0
37927,5865058.0
37928,20424688.0
37929,19988390.0
37930,3979099.0
37931,5438162.0
37932,4750804.0
37933,6494304.0
37934,3882040.0
37935,6657466.0
37936,5144686.0
37937,6445519.0
37938,5829882.0
37939,10018471.0
37940,11494290.0
37941,34749536.0
37942,2269062.0
37943,5980829.0
37944,7598128.0
37945,6432927.0
37946,6496074.0
37947,8102830.0
37948,20667378.0
37949,6676830.0
37950,8531899.0
37951,5414326.0
37952,5012962.0
37953,3202480.0
37954,4739654.0
37955,8218623.0
37956,7570235.0
37957,4516850.0
37958,7312204.0
37959,5832060.0
37960,5008383.0
37961,4870358.0
37962,3063580.0
37963,11759804.0
37964,7368302.0
37965,6135106.0
37966,6845298.0
37967,5223372.0
37968,6169006.0
37969,2571816.0
37970,4232255.0
37971,10908285.0
37972,5290049.0
37973,5875083.0
37974,8881965.0
37975,6531778.0
37976,3826267.0
37977,5162609.0
37978,8917049.0
37979,2544917.0
37980,12756285.0
37981,3758701.0
37982,3395896.0
37983,6430058.0
37984,4309890.0
37985,4540396.0
37986,6889476.0
37987,7524862.0
37988,6985917.0
37989,10202255.0
37990,6239767.0
37991,4873292.0
37992,7855772.0
37993,5251167.0
37994,3710310.0
37995,5095726.0
37996,5225584.0
37997,5868071.0
37998,5006551.0
37999,7063429.0
38000,2248988.0
38001,4772026.0
38002,4173104.0
38003,8370890.0
38004,6082981.0
38005,7626121.0
38006,3707206.0
38007,5206788.0
38008,5011948.0
38009,7072656.0
38010,9528437.0
38011,9380422.0
38012,7351574.0
38013,5501582.0
38014,5396976.0
38015,4303016.0
38016,6999782.0
38017,7106686.0
38018,6792852.0
38019,9272332.0
38020,5054322.0
38021,9953375.0
38022,5363212.0
38023,9334261.0
38024,9416260.0
38025,8145696.0
38026,6038549.0
38027,10089633.0
38028,7111789.0
38029,9622786.0
38030,4560479.0
38031,9152865.0
38032,5020382.0
38033,6202643.0
38034,6905050.0
38035,5234403.0
38036,5518895.0
38037,5590556.0
38038,7629697.0
38039,4839061.0
38040,5417400.0
38041,6055452.0
38042,7596346.0
38043,13603545.0
38044,8514929.0
38045,6798266.0
38046,5511756.0
38047,5545542.0
38048,6514065.0
38049,6486068.0
38050,3767690.0
38051,6414586.0
38052,9850090.0
38053,10629872.0
38054,8554703.0
38055,7385375.0
38056,7818982.0
38057,3542817.0
38058,3205202.0
38059,8375135.0
38060,8052992.0
38061,6558237.0
38062,4568812.0
38063,11543772.0
38064,10506759.0
38065,7132060.0
38066,5764682.0
38067,4452722.0
38068,14415644.0
38069,6380888.0
38070,7173190.0
38071,5491352.0
38072,9882214.0
38073,5894016.0
38074,4835740.0
38075,8549450.0
38076,5196503.0
38077,5426818.0
38078,13341507.0
38079,3938183.0
38080,5513794.0
38081,18009548.0
38082,4960872.0
38083,6494342.0
38084,4268153.0
38085,9856149.0
38086,4669075.0
38087,8851044.0
38088,6455744.0
38089,5347661.0
38090,4408704.0
38091,10229337.0
38092,13270837.0
38093,6153474.0
38094,6847516.0
38095,11193263.0
38096,2234100.0
38097,9674280.0
38098,3774573.0
38099,16249696.0
38100,5369528.0
38101,5933764.0
38102,9542966.0
38103,13163856.0
38104,9855389.0
38105,6064582.0
38106,6068758.0
38107,2139570.0
38108,9958054.0
38109,5040602.0
38110,3358986.0
38111,4152501.0
38112,3096149.0
38113,6713436.0
38114,7140526.0
38115,2919921.0
38116,5911444.0
38117,6817074.0
38118,6396190.0
38119,2348774.0
38120,5983695.0
38121,4354298.0
38122,6712344.0
38123,4419433.0
38124,6683530.0
38125,7276694.0
38126,8584298.0
38127,5353834.0
38128,1672018.0
38129,2651880.0
38130,4424918.0
38131,8083808.0
38132,4543154.0
38133,3749985.0
38134,5082010.0
38135,8018239.0
